Ticker,Date,Open,High,Low,Close,Volume,AdjClose,Dividend,Split
ED,07/01/2005,46.8,47.14,46.66,47.08,847200.0,29.42,0.0,1.0
ED,07/05/2005,47.0,47.21,46.77,46.99,719900.0,29.36,0.0,1.0
ED,07/06/2005,46.92,47.15,46.59,46.63,905400.0,29.14,0.0,1.0
ED,07/07/2005,46.23,47.06,46.18,47.04,1171300.0,29.39,0.0,1.0
ED,07/08/2005,47.15,47.88,47.05,47.85,932800.0,29.89,0.0,1.0
ED,07/11/2005,47.98,48.11,47.86,48.05,681600.0,30.02,0.0,1.0
ED,07/12/2005,48.05,48.32,47.8,48.3,794900.0,30.17,0.0,1.0
ED,07/13/2005,48.35,48.68,48.27,48.47,838500.0,30.28,0.0,1.0
ED,07/14/2005,48.55,48.74,47.72,48.09,952900.0,30.05,0.0,1.0
ED,07/15/2005,47.92,48.23,47.88,48.07,484500.0,30.03,0.0,1.0
ED,07/18/2005,48.14,48.3,47.78,47.79,475500.0,29.85,0.0,1.0
ED,07/19/2005,47.89,47.91,47.6,47.66,811500.0,29.78,0.0,1.0
ED,07/20/2005,47.61,48.16,47.36,48.15,1113600.0,30.09,0.0,1.0
ED,07/21/2005,48.05,48.19,47.23,47.52,1652600.0,29.69,0.0,1.0
ED,07/22/2005,47.52,47.89,47.47,47.87,686000.0,29.91,0.0,1.0
ED,07/25/2005,47.85,48.45,47.85,48.14,924400.0,30.08,0.0,1.0
ED,07/26/2005,48.2,48.4,47.92,48.03,795000.0,30.01,0.0,1.0
ED,07/27/2005,47.93,48.29,47.81,48.1,935600.0,30.05,0.0,1.0
ED,07/28/2005,48.23,48.57,47.92,48.54,1133200.0,30.33,0.0,1.0
ED,07/29/2005,48.44,48.68,48.14,48.16,639700.0,30.09,0.0,1.0
ED,08/01/2005,48.21,48.3,47.63,47.64,1037500.0,29.77,0.0,1.0
ED,08/02/2005,47.8,48.44,47.8,48.39,1050400.0,30.23,0.0,1.0
ED,08/03/2005,48.33,49.23,48.28,48.66,1016300.0,30.4,0.0,1.0
ED,08/04/2005,48.48,48.7,48.3,48.38,697100.0,30.22,0.0,1.0
ED,08/05/2005,48.15,48.17,47.18,47.62,1162200.0,29.75,0.0,1.0
ED,08/08/2005,47.65,47.75,46.47,46.69,1280600.0,29.16,0.0,1.0
ED,08/09/2005,46.68,47.08,46.45,47.08,1402400.0,29.42,0.0,1.0
ED,08/10/2005,47.25,47.67,46.79,47.03,1010500.0,29.38,0.0,1.0
ED,08/11/2005,46.8,47.54,46.8,47.53,819900.0,29.7,0.0,1.0
ED,08/12/2005,47.42,47.59,47.0,47.5,851300.0,29.68,0.0,1.0
ED,08/15/2005,46.98,47.08,46.62,47.0,894000.0,29.72,0.57,1.0
ED,08/16/2005,46.9,47.11,46.19,46.2,1061500.0,29.21,0.0,1.0
ED,08/17/2005,46.26,46.32,45.6,45.93,905500.0,29.04,0.0,1.0
ED,08/18/2005,45.8,46.25,45.68,46.08,840100.0,29.14,0.0,1.0
ED,08/19/2005,46.28,46.35,46.03,46.18,576300.0,29.2,0.0,1.0
ED,08/22/2005,46.2,46.64,46.01,46.45,681400.0,29.37,0.0,1.0
ED,08/23/2005,46.3,46.72,46.3,46.57,819700.0,29.45,0.0,1.0
ED,08/24/2005,46.6,46.86,46.12,46.14,1047500.0,29.17,0.0,1.0
ED,08/25/2005,46.14,46.55,46.14,46.43,613700.0,29.36,0.0,1.0
ED,08/26/2005,46.32,46.58,46.15,46.2,648800.0,29.21,0.0,1.0
ED,08/29/2005,46.0,46.67,45.9,46.58,848900.0,29.46,0.0,1.0
ED,08/30/2005,46.57,46.7,45.87,46.31,1297900.0,29.28,0.0,1.0
ED,08/31/2005,46.48,46.95,46.29,46.91,1057700.0,29.66,0.0,1.0
ED,09/01/2005,46.91,47.81,46.6,47.52,1437600.0,30.05,0.0,1.0
ED,09/02/2005,47.68,47.93,47.48,47.65,913500.0,30.13,0.0,1.0
ED,09/06/2005,47.9,48.47,47.85,48.16,905000.0,30.45,0.0,1.0
ED,09/07/2005,48.2,48.23,47.52,47.87,582100.0,30.27,0.0,1.0
ED,09/08/2005,47.63,48.03,47.42,47.51,510200.0,30.04,0.0,1.0
ED,09/09/2005,47.62,48.24,47.62,48.15,633500.0,30.44,0.0,1.0
ED,09/12/2005,48.0,48.34,47.8,48.33,1070100.0,30.56,0.0,1.0
ED,09/13/2005,48.29,48.49,48.0,48.06,1030200.0,30.39,0.0,1.0
ED,09/14/2005,48.12,48.47,48.12,48.17,642700.0,30.46,0.0,1.0
ED,09/15/2005,48.4,48.81,48.33,48.65,891900.0,30.76,0.0,1.0
ED,09/16/2005,48.93,49.29,48.51,49.24,1884600.0,31.13,0.0,1.0
ED,09/19/2005,49.06,49.29,48.67,48.83,540100.0,30.88,0.0,1.0
ED,09/20/2005,48.7,49.1,48.55,48.55,807200.0,30.7,0.0,1.0
ED,09/21/2005,48.55,48.85,47.87,48.39,1082000.0,30.6,0.0,1.0
ED,09/22/2005,48.14,48.28,47.7,47.98,1152200.0,30.34,0.0,1.0
ED,09/23/2005,47.93,48.31,47.71,48.22,480100.0,30.49,0.0,1.0
ED,09/26/2005,48.17,48.47,48.0,48.22,845300.0,30.49,0.0,1.0
ED,09/27/2005,48.38,48.69,47.99,48.22,705000.0,30.49,0.0,1.0
ED,09/28/2005,48.55,48.78,48.29,48.59,664400.0,30.73,0.0,1.0
ED,09/29/2005,48.4,49.25,48.16,48.92,702400.0,30.93,0.0,1.0
ED,09/30/2005,48.8,48.91,48.36,48.55,821700.0,30.7,0.0,1.0
ED,10/03/2005,48.74,49.1,48.65,48.85,1534500.0,30.89,0.0,1.0
ED,10/04/2005,48.85,48.97,48.13,48.2,709000.0,30.47,0.0,1.0
ED,10/05/2005,47.95,48.26,46.96,46.97,1227400.0,29.7,0.0,1.0
ED,10/06/2005,46.95,47.04,45.87,46.56,1645600.0,29.45,0.0,1.0
ED,10/07/2005,46.7,47.05,46.45,47.03,991600.0,29.74,0.0,1.0
ED,10/10/2005,47.02,47.03,46.05,46.3,929400.0,29.28,0.0,1.0
ED,10/11/2005,46.42,46.56,45.91,45.98,760600.0,29.08,0.0,1.0
ED,10/12/2005,45.55,46.03,45.14,45.44,1342600.0,28.74,0.0,1.0
ED,10/13/2005,45.05,45.22,44.26,44.48,1454900.0,28.13,0.0,1.0
ED,10/14/2005,44.7,44.9,44.15,44.54,1370100.0,28.17,0.0,1.0
ED,10/17/2005,44.64,45.23,44.6,44.93,1035200.0,28.41,0.0,1.0
ED,10/18/2005,44.96,45.03,44.3,44.6,1128200.0,28.2,0.0,1.0
ED,10/19/2005,44.5,44.96,43.7,44.95,1528600.0,28.43,0.0,1.0
ED,10/20/2005,45.0,45.0,44.0,44.25,1402100.0,27.98,0.0,1.0
ED,10/21/2005,45.0,45.1,44.34,44.88,1819200.0,28.38,0.0,1.0
ED,10/24/2005,44.88,45.78,44.8,45.78,1435500.0,28.95,0.0,1.0
ED,10/25/2005,46.1,46.1,45.02,45.37,1226000.0,28.69,0.0,1.0
ED,10/26/2005,45.25,45.25,44.65,44.79,1204100.0,28.32,0.0,1.0
ED,10/27/2005,44.8,44.86,44.19,44.41,793300.0,28.08,0.0,1.0
ED,10/28/2005,44.4,45.22,44.4,45.21,721000.0,28.59,0.0,1.0
ED,10/31/2005,45.22,45.75,45.09,45.5,1076000.0,28.77,0.0,1.0
ED,11/01/2005,45.4,45.75,45.16,45.28,1057900.0,28.63,0.0,1.0
ED,11/02/2005,45.24,45.8,44.9,45.8,1051100.0,28.96,0.0,1.0
ED,11/03/2005,45.7,46.03,45.42,45.59,1471800.0,28.83,0.0,1.0
ED,11/04/2005,46.06,46.06,45.28,45.44,1188100.0,28.74,0.0,1.0
ED,11/07/2005,45.52,45.9,45.1,45.17,916500.0,28.56,0.0,1.0
ED,11/08/2005,45.21,45.66,45.11,45.24,714900.0,28.6,0.0,1.0
ED,11/09/2005,45.4,46.13,45.33,46.01,1123700.0,29.1,0.0,1.0
ED,11/10/2005,45.95,46.27,45.4,46.2,1129000.0,29.21,0.0,1.0
ED,11/11/2005,46.31,46.31,45.61,45.9,1018600.0,29.03,0.0,1.0
ED,11/14/2005,45.23,45.35,44.82,44.9,1230300.0,28.75,0.57,1.0
ED,11/15/2005,44.65,45.05,44.54,44.68,982700.0,28.61,0.0,1.0
ED,11/16/2005,44.65,45.14,44.65,44.77,1123100.0,28.67,0.0,1.0
ED,11/17/2005,44.87,45.31,44.81,45.14,1217000.0,28.9,0.0,1.0
ED,11/18/2005,45.44,45.69,44.9,45.53,1309800.0,29.15,0.0,1.0
ED,11/21/2005,45.53,45.83,45.48,45.75,783400.0,29.29,0.0,1.0
ED,11/22/2005,45.74,45.85,45.24,45.65,827700.0,29.23,0.0,1.0
ED,11/23/2005,45.74,46.1,45.52,45.75,615700.0,29.29,0.0,1.0
ED,11/25/2005,46.0,46.01,45.76,46.01,232200.0,29.46,0.0,1.0
ED,11/28/2005,46.15,46.41,45.8,45.85,720000.0,29.36,0.0,1.0
ED,11/29/2005,46.1,46.39,45.83,46.1,716300.0,29.51,0.0,1.0
ED,11/30/2005,46.02,46.07,45.32,45.54,1591700.0,29.15,0.0,1.0
ED,12/01/2005,46.1,46.1,45.46,45.7,968800.0,29.26,0.0,1.0
ED,12/02/2005,45.72,45.82,45.37,45.81,609600.0,29.33,0.0,1.0
ED,12/05/2005,45.89,45.95,44.41,45.43,750200.0,29.09,0.0,1.0
ED,12/06/2005,45.45,45.52,45.07,45.1,1530600.0,28.87,0.0,1.0
ED,12/07/2005,45.25,45.47,44.7,44.89,1399700.0,28.74,0.0,1.0
ED,12/08/2005,45.02,45.38,44.74,45.19,1403400.0,28.93,0.0,1.0
ED,12/09/2005,45.15,45.54,45.15,45.46,1005300.0,29.11,0.0,1.0
ED,12/12/2005,45.54,45.79,45.1,45.48,1370900.0,29.12,0.0,1.0
ED,12/13/2005,45.52,45.95,45.51,45.89,1216100.0,29.38,0.0,1.0
ED,12/14/2005,46.0,46.47,45.92,46.33,1262300.0,29.67,0.0,1.0
ED,12/15/2005,46.7,46.71,46.1,46.28,1528500.0,29.63,0.0,1.0
ED,12/16/2005,46.61,47.25,46.54,46.85,1986300.0,30.0,0.0,1.0
ED,12/19/2005,46.76,46.95,46.31,46.53,1229000.0,29.8,0.0,1.0
ED,12/20/2005,46.58,46.82,46.43,46.61,1166100.0,29.84,0.0,1.0
ED,12/21/2005,46.86,46.99,46.29,46.44,1425000.0,29.74,0.0,1.0
ED,12/22/2005,46.57,47.05,46.53,46.85,1791000.0,30.0,0.0,1.0
ED,12/23/2005,46.95,47.12,46.86,46.94,1435300.0,30.06,0.0,1.0
ED,12/27/2005,47.0,47.23,46.88,47.08,1929700.0,30.14,0.0,1.0
ED,12/28/2005,47.09,47.16,46.5,46.74,1055700.0,29.93,0.0,1.0
ED,12/29/2005,46.74,46.97,46.55,46.56,1431600.0,29.81,0.0,1.0
ED,12/30/2005,46.51,46.54,46.28,46.33,1290100.0,29.67,0.0,1.0
ED,01/03/2006,46.43,46.9,46.25,46.7,1419700.0,29.9,0.0,1.0
ED,01/04/2006,46.75,46.81,46.06,46.7,1541700.0,29.9,0.0,1.0
ED,01/05/2006,46.65,46.88,46.5,46.67,648000.0,29.88,0.0,1.0
ED,01/06/2006,46.8,46.89,46.52,46.81,653200.0,29.97,0.0,1.0
ED,01/09/2006,46.9,46.9,46.55,46.75,774000.0,29.93,0.0,1.0
ED,01/10/2006,46.61,46.8,46.53,46.62,505400.0,29.85,0.0,1.0
ED,01/11/2006,46.64,46.72,46.3,46.45,630400.0,29.74,0.0,1.0
ED,01/12/2006,46.5,46.58,46.3,46.3,863000.0,29.65,0.0,1.0
ED,01/13/2006,47.09,47.09,46.16,46.3,750000.0,29.65,0.0,1.0
ED,01/17/2006,46.3,46.81,46.2,46.8,934200.0,29.97,0.0,1.0
ED,01/18/2006,46.85,47.0,46.72,46.89,1036700.0,30.02,0.0,1.0
ED,01/19/2006,46.88,47.14,46.76,47.09,950500.0,30.15,0.0,1.0
ED,01/20/2006,47.09,47.14,46.53,46.73,1278300.0,29.92,0.0,1.0
ED,01/23/2006,46.7,46.93,46.54,46.69,963500.0,29.89,0.0,1.0
ED,01/24/2006,46.69,47.01,46.68,46.94,1185000.0,30.06,0.0,1.0
ED,01/25/2006,46.94,47.14,46.51,46.82,1436800.0,29.98,0.0,1.0
ED,01/26/2006,47.18,47.33,46.65,46.85,2849000.0,30.0,0.0,1.0
ED,01/27/2006,47.05,47.52,47.01,47.29,2050700.0,30.28,0.0,1.0
ED,01/30/2006,47.22,47.23,46.91,47.08,1057200.0,30.14,0.0,1.0
ED,01/31/2006,47.1,47.26,46.91,47.01,752900.0,30.1,0.0,1.0
ED,02/01/2006,47.05,47.19,46.83,47.04,1095600.0,30.12,0.0,1.0
ED,02/02/2006,46.85,46.94,46.18,46.56,1469700.0,29.81,0.0,1.0
ED,02/03/2006,46.2,46.38,45.85,46.1,1094200.0,29.51,0.0,1.0
ED,02/06/2006,46.02,46.24,45.89,46.13,710800.0,29.53,0.0,1.0
ED,02/07/2006,46.1,46.22,45.74,45.84,797400.0,29.35,0.0,1.0
ED,02/08/2006,45.82,46.28,45.71,46.05,1164500.0,29.48,0.0,1.0
ED,02/09/2006,46.05,46.31,45.89,46.05,739700.0,29.48,0.0,1.0
ED,02/10/2006,46.05,46.4,46.03,46.14,906700.0,29.54,0.0,1.0
ED,02/13/2006,45.54,45.65,45.43,45.53,1068100.0,29.52,0.57,1.0
ED,02/14/2006,45.56,45.61,45.12,45.27,1248600.0,29.35,0.0,1.0
ED,02/15/2006,45.31,45.33,44.93,45.12,1033900.0,29.25,0.0,1.0
ED,02/16/2006,45.1,45.37,44.95,45.35,789300.0,29.41,0.0,1.0
ED,02/17/2006,45.3,45.58,45.0,45.45,1599100.0,29.47,0.0,1.0
ED,02/21/2006,45.47,46.06,45.43,45.99,1090900.0,29.81,0.0,1.0
ED,02/22/2006,46.1,46.31,45.91,46.24,721200.0,29.98,0.0,1.0
ED,02/23/2006,46.12,46.21,45.85,45.86,556200.0,29.74,0.0,1.0
ED,02/24/2006,45.81,46.49,45.81,46.49,1119900.0,30.14,0.0,1.0
ED,02/27/2006,46.61,46.68,45.94,45.95,1375100.0,29.8,0.0,1.0
ED,02/28/2006,46.1,46.15,45.51,45.87,1085900.0,29.74,0.0,1.0
ED,03/01/2006,45.81,45.87,45.5,45.65,633700.0,29.6,0.0,1.0
ED,03/02/2006,45.4,45.58,45.03,45.23,1291200.0,29.33,0.0,1.0
ED,03/03/2006,45.02,45.42,45.01,45.09,785600.0,29.23,0.0,1.0
ED,03/06/2006,45.05,45.09,44.17,44.5,1241100.0,28.85,0.0,1.0
ED,03/07/2006,44.64,44.73,44.3,44.59,842900.0,28.91,0.0,1.0
ED,03/08/2006,44.44,44.94,44.05,44.58,1071100.0,28.9,0.0,1.0
ED,03/09/2006,44.51,44.65,44.3,44.39,774600.0,28.78,0.0,1.0
ED,03/10/2006,44.55,44.7,44.26,44.65,842300.0,28.95,0.0,1.0
ED,03/13/2006,44.77,44.95,44.56,44.7,910000.0,28.98,0.0,1.0
ED,03/14/2006,44.8,45.29,44.65,45.28,825300.0,29.36,0.0,1.0
ED,03/15/2006,45.35,45.4,44.8,45.02,602800.0,29.19,0.0,1.0
ED,03/16/2006,45.36,45.79,45.16,45.36,913300.0,29.41,0.0,1.0
ED,03/17/2006,45.57,45.64,44.96,45.09,1083200.0,29.23,0.0,1.0
ED,03/20/2006,45.15,45.4,44.6,44.97,968600.0,29.15,0.0,1.0
ED,03/21/2006,45.11,45.15,44.7,44.82,936600.0,29.06,0.0,1.0
ED,03/22/2006,44.9,45.16,44.7,45.12,612900.0,29.25,0.0,1.0
ED,03/23/2006,45.02,45.1,44.62,44.68,905800.0,28.97,0.0,1.0
ED,03/24/2006,44.7,45.05,44.56,44.6,726300.0,28.91,0.0,1.0
ED,03/27/2006,44.47,44.6,44.15,44.18,958600.0,28.64,0.0,1.0
ED,03/28/2006,44.08,44.15,43.75,43.86,1184300.0,28.44,0.0,1.0
ED,03/29/2006,44.0,44.3,43.85,44.19,1099100.0,28.65,0.0,1.0
ED,03/30/2006,44.08,44.32,43.62,43.69,987800.0,28.33,0.0,1.0
ED,03/31/2006,43.85,44.03,43.35,43.5,1286400.0,28.2,0.0,1.0
ED,04/03/2006,43.86,43.88,43.31,43.36,1668500.0,28.12,0.0,1.0
ED,04/04/2006,43.45,43.5,42.95,43.38,2690700.0,28.13,0.0,1.0
ED,04/05/2006,43.5,43.86,43.15,43.69,2326600.0,28.33,0.0,1.0
ED,04/06/2006,43.71,43.83,43.11,43.22,1117800.0,28.02,0.0,1.0
ED,04/07/2006,42.77,42.89,42.23,42.39,1870500.0,27.49,0.0,1.0
ED,04/10/2006,42.36,42.66,42.09,42.22,1022100.0,27.37,0.0,1.0
ED,04/11/2006,42.15,42.34,41.75,41.86,954500.0,27.14,0.0,1.0
ED,04/12/2006,41.85,42.15,41.85,42.07,1428800.0,27.27,0.0,1.0
ED,04/13/2006,41.8,42.18,41.8,41.88,902100.0,27.16,0.0,1.0
ED,04/17/2006,41.86,41.98,41.62,41.98,913900.0,27.22,0.0,1.0
ED,04/18/2006,42.05,42.59,41.94,42.36,1365200.0,27.47,0.0,1.0
ED,04/19/2006,42.3,42.65,42.1,42.41,861500.0,27.5,0.0,1.0
ED,04/20/2006,42.5,43.19,42.46,42.88,1100100.0,27.81,0.0,1.0
ED,04/21/2006,43.1,43.21,42.47,42.67,898700.0,27.66,0.0,1.0
ED,04/24/2006,42.68,43.11,42.5,43.05,1884300.0,27.91,0.0,1.0
ED,04/25/2006,42.97,42.97,42.17,42.3,923900.0,27.43,0.0,1.0
ED,04/26/2006,42.45,42.52,42.04,42.17,849500.0,27.34,0.0,1.0
ED,04/27/2006,42.0,43.04,41.9,42.73,1351700.0,27.7,0.0,1.0
ED,04/28/2006,42.72,43.31,42.38,43.12,1629400.0,27.96,0.0,1.0
ED,05/01/2006,43.5,43.5,42.65,42.92,1448000.0,27.83,0.0,1.0
ED,05/02/2006,43.07,43.3,42.75,42.86,1474500.0,27.79,0.0,1.0
ED,05/03/2006,42.75,42.95,42.31,42.34,1381000.0,27.45,0.0,1.0
ED,05/04/2006,42.54,42.69,42.39,42.58,1059200.0,27.6,0.0,1.0
ED,05/05/2006,42.73,43.22,42.73,43.12,1050200.0,27.96,0.0,1.0
ED,05/08/2006,43.0,43.4,43.0,43.08,1205200.0,27.93,0.0,1.0
ED,05/09/2006,43.02,43.06,42.85,43.01,881300.0,27.88,0.0,1.0
ED,05/10/2006,43.01,43.69,42.93,43.1,1791200.0,27.94,0.0,1.0
ED,05/11/2006,43.2,43.26,42.43,42.53,1525300.0,27.94,0.57,1.0
ED,05/12/2006,42.34,42.43,41.78,41.81,2060900.0,27.47,0.0,1.0
ED,05/15/2006,41.92,42.52,41.85,42.13,1850200.0,27.68,0.0,1.0
ED,05/16/2006,42.12,42.23,41.95,42.0,912100.0,27.59,0.0,1.0
ED,05/17/2006,41.75,42.0,41.17,41.4,1452400.0,27.2,0.0,1.0
ED,05/18/2006,41.41,41.86,41.4,41.53,1702400.0,27.28,0.0,1.0
ED,05/19/2006,41.85,42.39,41.54,42.15,2208200.0,27.69,0.0,1.0
ED,05/22/2006,41.95,43.15,41.95,42.97,2858800.0,28.23,0.0,1.0
ED,05/23/2006,42.8,43.02,42.15,42.25,1888100.0,27.76,0.0,1.0
ED,05/24/2006,42.43,43.24,42.19,43.14,2456900.0,28.34,0.0,1.0
ED,05/25/2006,43.23,43.68,43.06,43.67,2475800.0,28.69,0.0,1.0
ED,05/26/2006,43.7,44.07,43.45,44.06,1797100.0,28.95,0.0,1.0
ED,05/30/2006,43.75,44.04,43.59,43.69,2313700.0,28.71,0.0,1.0
ED,05/31/2006,43.69,44.48,43.45,44.1,1506500.0,28.97,0.0,1.0
ED,06/01/2006,44.1,44.23,43.8,44.09,1293600.0,28.97,0.0,1.0
ED,06/02/2006,44.19,44.46,43.88,44.45,945300.0,29.2,0.0,1.0
ED,06/05/2006,44.25,44.32,43.97,44.04,1848200.0,28.93,0.0,1.0
ED,06/06/2006,44.28,44.28,43.53,44.03,1153900.0,28.93,0.0,1.0
ED,06/07/2006,43.82,44.11,43.72,43.95,1183100.0,28.87,0.0,1.0
ED,06/08/2006,43.99,44.55,43.85,44.44,1837600.0,29.19,0.0,1.0
ED,06/09/2006,44.14,44.78,44.06,44.77,1180700.0,29.42,0.0,1.0
ED,06/12/2006,44.67,45.0,44.49,44.83,1391200.0,29.46,0.0,1.0
ED,06/13/2006,44.54,44.93,44.15,44.3,1748100.0,29.11,0.0,1.0
ED,06/14/2006,43.7,44.3,43.57,43.91,1329200.0,28.85,0.0,1.0
ED,06/15/2006,44.12,44.48,43.67,44.35,1038100.0,29.14,0.0,1.0
ED,06/16/2006,44.44,44.69,43.98,44.23,1118200.0,29.06,0.0,1.0
ED,06/19/2006,44.23,44.36,43.51,43.85,967900.0,28.81,0.0,1.0
ED,06/20/2006,43.82,43.91,43.54,43.73,934600.0,28.73,0.0,1.0
ED,06/21/2006,43.7,43.85,43.41,43.5,923800.0,28.58,0.0,1.0
ED,06/22/2006,43.5,43.58,43.05,43.48,1035700.0,28.56,0.0,1.0
ED,06/23/2006,43.38,43.84,43.28,43.49,724900.0,28.57,0.0,1.0
ED,06/26/2006,43.4,43.8,43.29,43.47,571500.0,28.56,0.0,1.0
ED,06/27/2006,43.42,43.91,43.19,43.24,832300.0,28.41,0.0,1.0
ED,06/28/2006,43.35,43.76,43.35,43.7,1648100.0,28.71,0.0,1.0
ED,06/29/2006,43.94,44.47,43.75,44.39,1440200.0,29.16,0.0,1.0
ED,06/30/2006,44.5,44.71,44.16,44.44,891300.0,29.19,0.0,1.0
ED,07/03/2006,44.64,44.95,44.25,44.93,515500.0,29.52,0.0,1.0
ED,07/05/2006,44.66,44.94,44.48,44.62,1031500.0,29.32,0.0,1.0
ED,07/06/2006,44.65,44.7,44.25,44.45,824900.0,29.2,0.0,1.0
ED,07/07/2006,44.42,45.31,44.36,45.1,1471300.0,29.63,0.0,1.0
ED,07/10/2006,45.05,45.44,44.9,45.44,1118000.0,29.85,0.0,1.0
ED,07/11/2006,45.49,45.69,45.23,45.56,723000.0,29.93,0.0,1.0
ED,07/12/2006,45.46,45.56,45.25,45.33,1238000.0,29.79,0.0,1.0
ED,07/13/2006,45.25,45.63,45.11,45.2,1035000.0,29.7,0.0,1.0
ED,07/14/2006,45.22,45.52,45.04,45.21,1001300.0,29.71,0.0,1.0
ED,07/17/2006,45.23,45.68,45.23,45.34,991800.0,29.79,0.0,1.0
ED,07/18/2006,45.33,45.88,45.3,45.78,947800.0,30.08,0.0,1.0
ED,07/19/2006,45.88,46.49,45.85,46.31,971900.0,30.43,0.0,1.0
ED,07/20/2006,46.25,46.73,46.12,46.55,825000.0,30.58,0.0,1.0
ED,07/21/2006,46.98,46.99,46.6,46.8,1579900.0,30.75,0.0,1.0
ED,07/24/2006,46.7,47.0,46.55,46.95,1479400.0,30.84,0.0,1.0
ED,07/25/2006,46.75,47.0,46.68,46.97,1007900.0,30.86,0.0,1.0
ED,07/26/2006,46.9,47.25,46.83,47.19,944200.0,31.01,0.0,1.0
ED,07/27/2006,47.19,47.45,46.62,46.62,1183000.0,30.63,0.0,1.0
ED,07/28/2006,46.8,47.27,46.6,46.99,1177100.0,30.87,0.0,1.0
ED,07/31/2006,47.22,47.22,46.73,46.87,859500.0,30.79,0.0,1.0
ED,08/01/2006,46.73,46.94,46.54,46.84,1559200.0,30.77,0.0,1.0
ED,08/02/2006,46.73,47.01,46.57,46.81,1211800.0,30.76,0.0,1.0
ED,08/03/2006,46.75,47.06,46.01,46.26,2563400.0,30.4,0.0,1.0
ED,08/04/2006,46.5,46.82,46.25,46.65,1468800.0,30.65,0.0,1.0
ED,08/07/2006,46.15,46.69,45.42,45.52,1452500.0,29.91,0.0,1.0
ED,08/08/2006,45.53,46.08,45.49,46.01,1699300.0,30.23,0.0,1.0
ED,08/09/2006,45.99,46.23,45.61,45.64,1062500.0,29.99,0.0,1.0
ED,08/10/2006,45.61,45.86,45.34,45.77,875400.0,30.08,0.0,1.0
ED,08/11/2006,45.61,45.95,45.51,45.8,1129000.0,30.1,0.0,1.0
ED,08/14/2006,45.14,45.8,44.98,45.29,2125200.0,30.13,0.57,1.0
ED,08/15/2006,45.7,45.71,45.29,45.35,926300.0,30.17,0.0,1.0
ED,08/16/2006,45.38,45.59,45.08,45.1,1013600.0,30.01,0.0,1.0
ED,08/17/2006,45.1,45.15,44.7,45.05,1093400.0,29.98,0.0,1.0
ED,08/18/2006,45.14,45.53,45.05,45.34,951100.0,30.16,0.0,1.0
ED,08/21/2006,45.2,45.69,45.15,45.41,899500.0,30.21,0.0,1.0
ED,08/22/2006,45.47,45.77,45.3,45.76,731300.0,30.44,0.0,1.0
ED,08/23/2006,45.65,45.8,45.01,45.15,1125400.0,30.04,0.0,1.0
ED,08/24/2006,45.3,45.42,45.16,45.34,1030600.0,30.16,0.0,1.0
ED,08/25/2006,45.32,45.56,45.3,45.39,719800.0,30.2,0.0,1.0
ED,08/28/2006,45.47,46.0,45.37,45.94,957500.0,30.57,0.0,1.0
ED,08/29/2006,45.78,45.95,45.58,45.79,1290000.0,30.46,0.0,1.0
ED,08/30/2006,45.88,45.89,45.52,45.75,884500.0,30.44,0.0,1.0
ED,08/31/2006,45.7,46.27,45.7,46.2,634500.0,30.74,0.0,1.0
ED,09/01/2006,46.14,46.15,45.8,45.9,749600.0,30.54,0.0,1.0
ED,09/05/2006,45.8,45.8,45.36,45.56,1239700.0,30.32,0.0,1.0
ED,09/06/2006,45.51,45.59,45.2,45.35,1538400.0,30.17,0.0,1.0
ED,09/07/2006,45.38,45.44,45.1,45.17,1040900.0,30.06,0.0,1.0
ED,09/08/2006,45.4,45.47,45.23,45.29,552700.0,30.13,0.0,1.0
ED,09/11/2006,45.34,45.59,45.18,45.25,811000.0,30.11,0.0,1.0
ED,09/12/2006,45.35,45.35,45.01,45.31,1024200.0,30.14,0.0,1.0
ED,09/13/2006,45.42,45.58,44.93,45.54,910300.0,30.3,0.0,1.0
ED,09/14/2006,45.43,45.84,45.35,45.43,589900.0,30.23,0.0,1.0
ED,09/15/2006,45.67,46.08,45.56,45.73,1362400.0,30.43,0.0,1.0
ED,09/18/2006,45.78,45.9,45.5,45.71,1198300.0,30.42,0.0,1.0
ED,09/19/2006,45.8,45.99,45.67,45.8,806400.0,30.47,0.0,1.0
ED,09/20/2006,45.97,46.53,45.84,46.32,1980600.0,30.82,0.0,1.0
ED,09/21/2006,46.0,46.15,45.96,46.15,1889000.0,30.71,0.0,1.0
ED,09/22/2006,46.1,46.2,46.0,46.02,1243000.0,30.62,0.0,1.0
ED,09/25/2006,46.13,46.59,46.08,46.39,1737000.0,30.86,0.0,1.0
ED,09/26/2006,46.37,46.63,46.18,46.45,692700.0,30.91,0.0,1.0
ED,09/27/2006,46.5,46.82,46.34,46.75,1255600.0,31.1,0.0,1.0
ED,09/28/2006,46.86,46.96,46.4,46.7,1363200.0,31.08,0.0,1.0
ED,09/29/2006,46.74,46.75,46.19,46.2,959600.0,30.74,0.0,1.0
ED,10/02/2006,46.27,46.67,46.27,46.35,1242200.0,30.84,0.0,1.0
ED,10/03/2006,46.47,46.64,46.04,46.62,1813000.0,31.02,0.0,1.0
ED,10/04/2006,46.62,46.94,46.55,46.92,1717500.0,31.22,0.0,1.0
ED,10/05/2006,46.99,47.12,46.61,46.73,1448500.0,31.09,0.0,1.0
ED,10/06/2006,46.56,46.71,46.31,46.43,1337400.0,30.89,0.0,1.0
ED,10/09/2006,46.3,46.49,46.21,46.42,610200.0,30.89,0.0,1.0
ED,10/10/2006,46.35,46.51,46.27,46.41,645700.0,30.88,0.0,1.0
ED,10/11/2006,46.3,47.03,46.3,46.54,1516400.0,30.97,0.0,1.0
ED,10/12/2006,46.52,46.89,46.32,46.79,1178300.0,31.13,0.0,1.0
ED,10/13/2006,46.86,46.96,46.54,46.74,738200.0,31.09,0.0,1.0
ED,10/16/2006,46.65,46.88,46.5,46.86,793000.0,31.18,0.0,1.0
ED,10/17/2006,46.92,47.22,46.87,47.1,870100.0,31.34,0.0,1.0
ED,10/18/2006,46.91,47.73,46.91,47.54,1085900.0,31.63,0.0,1.0
ED,10/19/2006,47.2,47.61,47.2,47.47,845600.0,31.59,0.0,1.0
ED,10/20/2006,47.69,47.89,47.55,47.89,1162800.0,31.86,0.0,1.0
ED,10/23/2006,47.69,48.09,47.5,47.94,957600.0,31.9,0.0,1.0
ED,10/24/2006,47.63,47.91,47.5,47.9,1544200.0,31.87,0.0,1.0
ED,10/25/2006,47.71,48.39,47.71,48.22,1301000.0,32.08,0.0,1.0
ED,10/26/2006,48.7,48.7,48.13,48.35,986300.0,32.17,0.0,1.0
ED,10/27/2006,48.38,48.4,48.17,48.23,809600.0,32.09,0.0,1.0
ED,10/30/2006,48.36,48.61,48.23,48.42,824800.0,32.22,0.0,1.0
ED,10/31/2006,48.52,48.56,48.25,48.35,732700.0,32.17,0.0,1.0
ED,11/01/2006,48.47,48.88,48.41,48.66,1296200.0,32.38,0.0,1.0
ED,11/02/2006,48.51,48.79,48.19,48.78,1251600.0,32.45,0.0,1.0
ED,11/03/2006,48.48,48.72,47.48,48.02,1833900.0,31.95,0.0,1.0
ED,11/06/2006,48.0,48.11,47.78,47.93,1849200.0,31.89,0.0,1.0
ED,11/07/2006,47.88,48.09,47.65,47.69,1145000.0,31.73,0.0,1.0
ED,11/08/2006,47.7,48.16,47.68,48.08,1893900.0,31.99,0.0,1.0
ED,11/09/2006,48.08,48.18,47.89,48.03,773800.0,31.96,0.0,1.0
ED,11/10/2006,48.15,48.37,48.01,48.3,899800.0,32.13,0.0,1.0
ED,11/13/2006,47.87,48.08,47.57,47.58,1215400.0,32.04,0.57,1.0
ED,11/14/2006,47.48,48.1,47.48,47.98,1445600.0,32.31,0.0,1.0
ED,11/15/2006,47.83,48.05,47.67,47.72,931300.0,32.13,0.0,1.0
ED,11/16/2006,47.9,48.2,47.87,47.91,1057400.0,32.26,0.0,1.0
ED,11/17/2006,47.81,48.11,47.74,47.99,1213100.0,32.32,0.0,1.0
ED,11/20/2006,48.27,48.27,47.73,47.86,628600.0,32.23,0.0,1.0
ED,11/21/2006,47.87,47.98,47.7,47.82,701300.0,32.2,0.0,1.0
ED,11/22/2006,47.77,48.0,47.74,47.79,799200.0,32.18,0.0,1.0
ED,11/24/2006,47.65,47.98,47.65,47.85,238800.0,32.22,0.0,1.0
ED,11/27/2006,47.91,47.95,47.33,47.52,857700.0,32.0,0.0,1.0
ED,11/28/2006,47.45,48.03,47.41,47.88,1827300.0,32.24,0.0,1.0
ED,11/29/2006,47.94,48.26,47.9,48.18,2011500.0,32.44,0.0,1.0
ED,11/30/2006,48.1,48.27,47.95,48.22,903700.0,32.47,0.0,1.0
ED,12/01/2006,48.29,48.45,47.9,48.22,882400.0,32.47,0.0,1.0
ED,12/04/2006,48.28,48.47,48.18,48.4,719800.0,32.59,0.0,1.0
ED,12/05/2006,48.35,48.47,48.23,48.4,699900.0,32.59,0.0,1.0
ED,12/06/2006,48.31,48.42,48.06,48.22,683900.0,32.47,0.0,1.0
ED,12/07/2006,48.22,48.42,47.95,48.04,1272000.0,32.35,0.0,1.0
ED,12/08/2006,48.11,48.23,47.75,47.83,850500.0,32.21,0.0,1.0
ED,12/11/2006,47.79,48.07,47.79,47.99,858700.0,32.32,0.0,1.0
ED,12/12/2006,48.1,48.78,48.04,48.66,1876700.0,32.76,0.0,1.0
ED,12/13/2006,48.7,48.86,48.35,48.61,1345800.0,32.73,0.0,1.0
ED,12/14/2006,48.62,49.13,48.59,49.13,1181900.0,33.08,0.0,1.0
ED,12/15/2006,49.24,49.28,48.6,48.67,2181100.0,32.77,0.0,1.0
ED,12/18/2006,48.9,48.95,48.02,48.22,1522700.0,32.47,0.0,1.0
ED,12/19/2006,48.28,48.44,48.0,48.38,1363500.0,32.58,0.0,1.0
ED,12/20/2006,48.31,48.35,47.9,47.91,887900.0,32.26,0.0,1.0
ED,12/21/2006,47.98,47.99,47.55,47.8,885800.0,32.19,0.0,1.0
ED,12/22/2006,47.8,48.09,47.63,47.76,621900.0,32.16,0.0,1.0
ED,12/26/2006,47.77,48.01,47.59,47.92,553900.0,32.27,0.0,1.0
ED,12/27/2006,48.0,48.24,47.97,48.19,524900.0,32.45,0.0,1.0
ED,12/28/2006,48.12,48.3,48.05,48.14,888800.0,32.41,0.0,1.0
ED,12/29/2006,48.12,48.3,47.9,48.07,980900.0,32.37,0.0,1.0
ED,01/03/2007,48.12,48.7,48.12,48.39,1444700.0,32.59,0.0,1.0
ED,01/04/2007,48.28,48.57,48.05,48.31,1499800.0,32.53,0.0,1.0
ED,01/05/2007,48.29,48.31,47.32,47.63,1167200.0,32.07,0.0,1.0
ED,01/08/2007,47.66,47.76,47.33,47.56,1278800.0,32.03,0.0,1.0
ED,01/09/2007,47.6,47.87,47.34,47.7,1927200.0,32.12,0.0,1.0
ED,01/10/2007,47.59,48.04,47.55,47.81,1430900.0,32.19,0.0,1.0
ED,01/11/2007,47.8,48.19,47.54,47.75,957400.0,32.15,0.0,1.0
ED,01/12/2007,47.57,47.7,47.19,47.36,1141400.0,31.89,0.0,1.0
ED,01/16/2007,47.53,47.95,47.39,47.53,921600.0,32.01,0.0,1.0
ED,01/17/2007,47.67,47.68,47.3,47.6,1209900.0,32.05,0.0,1.0
ED,01/18/2007,47.07,47.74,47.07,47.63,1041500.0,32.07,0.0,1.0
ED,01/19/2007,47.84,47.99,47.64,47.74,1754500.0,32.15,0.0,1.0
ED,01/22/2007,47.9,48.43,47.85,48.25,1987000.0,32.49,0.0,1.0
ED,01/23/2007,48.22,48.54,48.12,48.33,1323400.0,32.55,0.0,1.0
ED,01/24/2007,48.35,48.68,48.28,48.53,902600.0,32.68,0.0,1.0
ED,01/25/2007,48.63,48.67,48.01,48.03,1033800.0,32.35,0.0,1.0
ED,01/26/2007,48.03,48.16,47.68,48.1,985800.0,32.39,0.0,1.0
ED,01/29/2007,48.0,48.07,47.72,47.94,1034400.0,32.28,0.0,1.0
ED,01/30/2007,48.04,48.04,47.57,47.93,1282900.0,32.28,0.0,1.0
ED,01/31/2007,47.92,48.38,47.68,48.28,1314100.0,32.51,0.0,1.0
ED,02/01/2007,48.41,48.6,48.22,48.4,1297100.0,32.59,0.0,1.0
ED,02/02/2007,48.5,48.53,48.31,48.46,741900.0,32.64,0.0,1.0
ED,02/05/2007,48.48,48.75,48.3,48.64,1032900.0,32.75,0.0,1.0
ED,02/06/2007,48.63,48.89,48.58,48.74,1331600.0,32.82,0.0,1.0
ED,02/07/2007,48.75,49.03,48.57,48.92,914300.0,32.94,0.0,1.0
ED,02/08/2007,48.88,49.16,48.85,48.93,684700.0,32.95,0.0,1.0
ED,02/09/2007,48.92,49.25,48.72,49.03,1401200.0,33.02,0.0,1.0
ED,02/12/2007,48.45,48.53,48.2,48.42,1065500.0,33.0,0.58,1.0
ED,02/13/2007,48.49,48.73,48.3,48.72,1222500.0,33.2,0.0,1.0
ED,02/14/2007,48.66,48.97,48.64,48.81,968500.0,33.26,0.0,1.0
ED,02/15/2007,48.8,48.8,48.5,48.58,1116600.0,33.1,0.0,1.0
ED,02/16/2007,48.51,48.83,48.28,48.72,1017700.0,33.2,0.0,1.0
ED,02/20/2007,48.67,49.05,48.65,49.02,1165900.0,33.4,0.0,1.0
ED,02/21/2007,48.75,48.95,48.63,48.75,1148000.0,33.22,0.0,1.0
ED,02/22/2007,49.1,49.57,49.0,49.54,1975300.0,33.76,0.0,1.0
ED,02/23/2007,49.69,49.89,49.25,49.33,2592500.0,33.62,0.0,1.0
ED,02/26/2007,49.7,50.05,49.34,49.74,1753700.0,33.9,0.0,1.0
ED,02/27/2007,49.45,49.54,48.0,48.62,1804400.0,33.13,0.0,1.0
ED,02/28/2007,48.67,48.94,48.32,48.58,1882600.0,33.1,0.0,1.0
ED,03/01/2007,48.15,48.86,48.0,48.68,1348500.0,33.17,0.0,1.0
ED,03/02/2007,48.6,48.63,48.06,48.08,1284300.0,32.76,0.0,1.0
ED,03/05/2007,47.94,48.01,47.47,47.56,1649700.0,32.41,0.0,1.0
ED,03/06/2007,47.73,48.3,47.46,48.17,1256200.0,32.82,0.0,1.0
ED,03/07/2007,48.14,48.35,47.86,47.99,1495400.0,32.7,0.0,1.0
ED,03/08/2007,48.14,48.47,47.97,48.44,1395400.0,33.01,0.0,1.0
ED,03/09/2007,48.5,48.59,48.17,48.4,865200.0,32.99,0.0,1.0
ED,03/12/2007,48.39,48.63,48.1,48.49,1718500.0,33.04,0.0,1.0
ED,03/13/2007,48.39,48.69,47.93,48.04,1386700.0,32.73,0.0,1.0
ED,03/14/2007,48.19,48.66,47.81,48.48,1756000.0,33.03,0.0,1.0
ED,03/15/2007,48.49,48.95,48.21,48.79,1569700.0,33.25,0.0,1.0
ED,03/16/2007,48.87,48.95,48.42,48.61,1654000.0,33.12,0.0,1.0
ED,03/19/2007,48.95,49.26,48.61,49.05,1062000.0,33.42,0.0,1.0
ED,03/20/2007,49.1,49.8,48.88,49.75,1129700.0,33.9,0.0,1.0
ED,03/21/2007,49.71,50.29,49.42,50.19,1245900.0,34.2,0.0,1.0
ED,03/22/2007,50.12,50.32,49.87,50.23,1288100.0,34.23,0.0,1.0
ED,03/23/2007,50.05,50.45,49.9,50.42,756100.0,34.36,0.0,1.0
ED,03/26/2007,50.42,50.98,50.14,50.93,1781800.0,34.7,0.0,1.0
ED,03/27/2007,51.06,51.15,50.63,50.96,1414300.0,34.72,0.0,1.0
ED,03/28/2007,50.86,51.35,50.78,50.92,1461700.0,34.7,0.0,1.0
ED,03/29/2007,51.12,51.3,50.64,51.25,1219700.0,34.93,0.0,1.0
ED,03/30/2007,51.19,51.4,50.41,51.06,1523600.0,34.79,0.0,1.0
ED,04/02/2007,50.94,51.76,50.84,51.72,1611600.0,35.25,0.0,1.0
ED,04/03/2007,51.92,52.06,51.51,52.0,1538900.0,35.44,0.0,1.0
ED,04/04/2007,51.83,52.22,51.75,51.84,1295600.0,35.32,0.0,1.0
ED,04/05/2007,51.69,52.18,51.6,52.05,940000.0,35.47,0.0,1.0
ED,04/09/2007,51.94,52.24,51.88,52.14,868100.0,35.53,0.0,1.0
ED,04/10/2007,52.23,52.3,51.95,52.26,1467000.0,35.61,0.0,1.0
ED,04/11/2007,52.15,52.23,51.66,51.8,1427100.0,35.29,0.0,1.0
ED,04/12/2007,51.8,52.05,51.48,51.75,1243700.0,35.27,0.0,1.0
ED,04/13/2007,51.99,51.99,51.46,51.79,793700.0,35.29,0.0,1.0
ED,04/16/2007,51.92,52.0,51.7,51.94,976500.0,35.39,0.0,1.0
ED,04/17/2007,51.92,52.49,51.84,52.35,1424700.0,35.67,0.0,1.0
ED,04/18/2007,52.15,52.63,52.05,52.55,1098500.0,35.81,0.0,1.0
ED,04/19/2007,51.71,52.53,51.71,51.91,1689100.0,35.37,0.0,1.0
ED,04/20/2007,51.95,52.15,51.71,52.0,2337400.0,35.44,0.0,1.0
ED,04/23/2007,51.98,52.14,51.83,51.98,1566900.0,35.42,0.0,1.0
ED,04/24/2007,52.12,52.26,51.89,52.16,1963100.0,35.55,0.0,1.0
ED,04/25/2007,52.45,52.79,52.02,52.63,1717200.0,35.87,0.0,1.0
ED,04/26/2007,52.5,52.9,52.08,52.22,1397300.0,35.59,0.0,1.0
ED,04/27/2007,52.22,52.22,51.64,51.8,1325300.0,35.29,0.0,1.0
ED,04/30/2007,51.52,51.68,51.22,51.26,2224500.0,34.94,0.0,1.0
ED,05/01/2007,51.33,51.63,51.05,51.41,1369800.0,35.03,0.0,1.0
ED,05/02/2007,51.64,51.86,51.36,51.67,1043600.0,35.21,0.0,1.0
ED,05/03/2007,51.67,51.82,51.25,51.58,1582900.0,35.15,0.0,1.0
ED,05/04/2007,51.86,51.86,51.28,51.42,1575400.0,35.04,0.0,1.0
ED,05/07/2007,51.54,51.96,51.37,51.83,1010400.0,35.32,0.0,1.0
ED,05/08/2007,51.54,51.97,51.5,51.86,1087000.0,35.34,0.0,1.0
ED,05/09/2007,51.98,52.0,49.92,51.67,1207500.0,35.21,0.0,1.0
ED,05/10/2007,51.67,51.99,50.86,50.92,1946300.0,34.7,0.0,1.0
ED,05/11/2007,50.5,50.98,50.4,50.97,3219400.0,34.73,0.0,1.0
ED,05/14/2007,50.45,50.73,50.38,50.7,1520700.0,34.95,0.58,1.0
ED,05/15/2007,50.75,51.13,50.52,50.68,1894400.0,34.94,0.0,1.0
ED,05/16/2007,50.7,51.45,50.55,51.43,2210200.0,35.45,0.0,1.0
ED,05/17/2007,51.42,51.42,50.83,50.87,1668900.0,35.06,0.0,1.0
ED,05/18/2007,51.02,51.08,50.68,50.95,1893900.0,35.12,0.0,1.0
ED,05/21/2007,51.03,51.1,50.78,51.0,1721000.0,35.16,0.0,1.0
ED,05/22/2007,50.88,51.0,50.68,50.7,1239100.0,34.95,0.0,1.0
ED,05/23/2007,50.7,50.85,49.73,49.73,1944200.0,34.28,0.0,1.0
ED,05/24/2007,49.73,49.84,48.22,48.36,4398600.0,33.34,0.0,1.0
ED,05/25/2007,48.61,48.7,47.53,48.12,3350500.0,33.17,0.0,1.0
ED,05/29/2007,48.25,48.82,47.98,48.38,2990600.0,33.34,0.0,1.0
ED,05/30/2007,48.26,48.78,48.0,48.72,1949700.0,33.58,0.0,1.0
ED,05/31/2007,48.86,49.01,48.66,48.82,1781500.0,33.66,0.0,1.0
ED,06/01/2007,49.0,49.09,48.27,48.48,2469700.0,33.41,0.0,1.0
ED,06/04/2007,48.48,48.89,48.04,48.63,2203300.0,33.52,0.0,1.0
ED,06/05/2007,48.58,48.59,47.63,47.73,3126400.0,32.9,0.0,1.0
ED,06/06/2007,47.93,47.93,47.08,47.65,2871800.0,32.84,0.0,1.0
ED,06/07/2007,47.18,47.39,46.13,46.39,5170300.0,31.98,0.0,1.0
ED,06/08/2007,47.21,47.39,46.14,46.59,3835000.0,32.11,0.0,1.0
ED,06/11/2007,46.72,46.97,46.52,46.52,3591100.0,32.06,0.0,1.0
ED,06/12/2007,46.39,46.73,46.0,46.11,3843000.0,31.78,0.0,1.0
ED,06/13/2007,46.38,47.02,46.27,47.02,2289300.0,32.41,0.0,1.0
ED,06/14/2007,46.99,47.3,46.55,46.91,1981000.0,32.34,0.0,1.0
ED,06/15/2007,47.27,47.66,46.99,47.37,3958300.0,32.66,0.0,1.0
ED,06/18/2007,47.37,47.51,46.86,46.93,2013500.0,32.35,0.0,1.0
ED,06/19/2007,47.0,47.04,46.5,46.76,1890800.0,32.23,0.0,1.0
ED,06/20/2007,46.99,47.36,45.8,45.88,2446300.0,31.63,0.0,1.0
ED,06/21/2007,45.88,46.13,45.26,45.93,2720200.0,31.66,0.0,1.0
ED,06/22/2007,45.84,45.84,44.92,45.2,3677100.0,31.15,0.0,1.0
ED,06/25/2007,45.56,45.79,45.01,45.17,2171400.0,31.13,0.0,1.0
ED,06/26/2007,45.58,46.1,45.14,45.14,2953500.0,31.11,0.0,1.0
ED,06/27/2007,45.0,45.7,44.74,45.47,3697400.0,31.35,0.0,1.0
ED,06/28/2007,45.31,45.79,44.95,45.26,1986000.0,31.2,0.0,1.0
ED,06/29/2007,45.34,45.54,44.68,45.12,2936600.0,31.1,0.0,1.0
ED,07/02/2007,45.35,45.63,45.06,45.61,2569800.0,31.43,0.0,1.0
ED,07/03/2007,45.97,46.21,45.42,45.84,1344200.0,31.6,0.0,1.0
ED,07/05/2007,45.82,46.01,45.06,45.62,2175800.0,31.44,0.0,1.0
ED,07/06/2007,45.66,45.7,44.87,45.21,1509200.0,31.16,0.0,1.0
ED,07/09/2007,45.42,45.48,45.1,45.31,1536000.0,31.23,0.0,1.0
ED,07/10/2007,45.1,45.39,44.86,44.91,2007000.0,30.96,0.0,1.0
ED,07/11/2007,44.9,45.21,44.77,45.21,2175200.0,31.16,0.0,1.0
ED,07/12/2007,45.51,45.72,45.21,45.72,1596700.0,31.51,0.0,1.0
ED,07/13/2007,45.85,46.25,45.53,46.09,1432700.0,31.77,0.0,1.0
ED,07/16/2007,45.92,46.23,45.44,45.47,1539100.0,31.35,0.0,1.0
ED,07/17/2007,45.48,45.81,45.36,45.57,1765100.0,31.41,0.0,1.0
ED,07/18/2007,45.64,45.91,45.37,45.73,2568900.0,31.52,0.0,1.0
ED,07/19/2007,46.0,46.23,45.54,46.01,2939000.0,31.72,0.0,1.0
ED,07/20/2007,46.01,46.26,45.35,45.37,3454400.0,31.27,0.0,1.0
ED,07/23/2007,45.48,45.85,44.92,45.15,2621400.0,31.12,0.0,1.0
ED,07/24/2007,45.1,45.55,44.35,44.4,3716700.0,30.6,0.0,1.0
ED,07/25/2007,44.97,45.36,44.27,45.3,4806400.0,31.22,0.0,1.0
ED,07/26/2007,45.07,45.66,44.14,44.77,5892600.0,30.86,0.0,1.0
ED,07/27/2007,44.65,44.8,43.65,43.65,4418400.0,30.09,0.0,1.0
ED,07/30/2007,43.83,44.32,43.1,44.01,3794100.0,30.34,0.0,1.0
ED,07/31/2007,44.06,44.75,43.6,43.68,4125000.0,30.11,0.0,1.0
ED,08/01/2007,43.85,45.09,43.68,44.94,3061900.0,30.98,0.0,1.0
ED,08/02/2007,45.17,45.55,44.75,45.46,2864400.0,31.34,0.0,1.0
ED,08/03/2007,45.46,45.57,43.87,43.87,3567500.0,30.24,0.0,1.0
ED,08/06/2007,44.2,45.75,43.77,45.73,3338200.0,31.52,0.0,1.0
ED,08/07/2007,45.26,47.85,45.22,47.19,5610700.0,32.53,0.0,1.0
ED,08/08/2007,46.7,48.57,46.44,47.0,4625200.0,32.39,0.0,1.0
ED,08/09/2007,46.89,48.15,46.47,46.94,4644000.0,32.36,0.0,1.0
ED,08/10/2007,46.84,48.5,46.54,47.43,4610500.0,32.7,0.0,1.0
ED,08/13/2007,46.27,47.02,45.92,46.02,2802500.0,32.11,0.58,1.0
ED,08/14/2007,46.25,46.65,45.48,45.68,2980100.0,31.88,0.0,1.0
ED,08/15/2007,45.57,46.4,44.93,45.03,2497200.0,31.42,0.0,1.0
ED,08/16/2007,45.03,45.79,44.17,45.62,4472300.0,31.83,0.0,1.0
ED,08/17/2007,46.1,46.6,45.07,45.96,4531900.0,32.07,0.0,1.0
ED,08/20/2007,46.13,46.48,45.46,46.11,2015100.0,32.18,0.0,1.0
ED,08/21/2007,45.81,47.16,45.8,46.78,2004100.0,32.65,0.0,1.0
ED,08/22/2007,46.86,47.15,46.28,47.0,1774800.0,32.8,0.0,1.0
ED,08/23/2007,47.1,47.2,46.4,46.66,1593800.0,32.56,0.0,1.0
ED,08/24/2007,46.56,46.83,46.25,46.8,1414400.0,32.66,0.0,1.0
ED,08/27/2007,46.77,46.77,45.44,45.67,1946600.0,31.87,0.0,1.0
ED,08/28/2007,45.69,45.99,45.05,45.08,1911400.0,31.45,0.0,1.0
ED,08/29/2007,45.43,46.06,45.34,46.06,1406200.0,32.14,0.0,1.0
ED,08/30/2007,45.64,46.25,45.5,45.93,1276300.0,32.05,0.0,1.0
ED,08/31/2007,46.24,46.37,45.49,45.94,1488900.0,32.05,0.0,1.0
ED,09/04/2007,46.01,46.61,45.95,46.42,1637100.0,32.39,0.0,1.0
ED,09/05/2007,46.29,46.39,45.77,46.22,1749500.0,32.25,0.0,1.0
ED,09/06/2007,46.43,46.47,45.8,46.2,1582000.0,32.24,0.0,1.0
ED,09/07/2007,45.81,46.03,45.36,45.54,1808600.0,31.78,0.0,1.0
ED,09/10/2007,45.4,45.65,44.75,45.53,2888600.0,31.77,0.0,1.0
ED,09/11/2007,45.87,45.93,45.54,45.87,1549200.0,32.01,0.0,1.0
ED,09/12/2007,45.93,46.2,45.74,46.03,981000.0,32.12,0.0,1.0
ED,09/13/2007,46.24,46.36,45.8,45.92,1080600.0,32.05,0.0,1.0
ED,09/14/2007,45.75,46.39,45.74,46.26,1273300.0,32.28,0.0,1.0
ED,09/17/2007,46.22,46.25,45.88,46.07,913300.0,32.15,0.0,1.0
ED,09/18/2007,46.49,47.24,46.31,46.9,2016300.0,32.72,0.0,1.0
ED,09/19/2007,47.14,47.53,46.84,47.3,1837000.0,33.01,0.0,1.0
ED,09/20/2007,47.38,47.45,46.76,47.02,1598700.0,32.81,0.0,1.0
ED,09/21/2007,47.36,47.44,46.86,46.98,1661200.0,32.78,0.0,1.0
ED,09/24/2007,47.05,47.45,46.94,47.04,1254000.0,32.82,0.0,1.0
ED,09/25/2007,46.94,47.31,46.71,46.82,1378200.0,32.68,0.0,1.0
ED,09/26/2007,46.9,47.26,46.74,47.12,1091200.0,32.88,0.0,1.0
ED,09/27/2007,47.21,47.23,46.74,46.82,970400.0,32.68,0.0,1.0
ED,09/28/2007,46.86,46.88,46.2,46.3,1573900.0,32.31,0.0,1.0
ED,10/01/2007,46.57,47.14,46.38,46.98,1344300.0,32.78,0.0,1.0
ED,10/02/2007,46.92,47.12,46.64,46.97,903800.0,32.77,0.0,1.0
ED,10/03/2007,46.83,47.17,46.74,47.1,754800.0,32.87,0.0,1.0
ED,10/04/2007,47.29,47.44,47.1,47.24,866300.0,32.97,0.0,1.0
ED,10/05/2007,47.2,47.66,47.18,47.27,1042500.0,32.99,0.0,1.0
ED,10/08/2007,47.27,47.51,47.0,47.2,774900.0,32.94,0.0,1.0
ED,10/09/2007,47.33,47.83,47.08,47.76,1281200.0,33.33,0.0,1.0
ED,10/10/2007,47.73,47.73,47.07,47.17,1176000.0,32.92,0.0,1.0
ED,10/11/2007,47.38,47.57,46.51,46.86,2673400.0,32.7,0.0,1.0
ED,10/12/2007,46.98,47.07,46.65,46.77,1284600.0,32.64,0.0,1.0
ED,10/15/2007,46.81,46.97,46.03,46.42,1783200.0,32.39,0.0,1.0
ED,10/16/2007,46.39,46.61,46.12,46.35,999500.0,32.35,0.0,1.0
ED,10/17/2007,46.54,46.64,46.09,46.49,1335600.0,32.44,0.0,1.0
ED,10/18/2007,46.2,46.58,46.0,46.14,1512800.0,32.2,0.0,1.0
ED,10/19/2007,46.17,46.17,45.0,45.12,2917600.0,31.48,0.0,1.0
ED,10/22/2007,45.0,45.58,44.57,45.24,1830600.0,31.57,0.0,1.0
ED,10/23/2007,45.56,45.59,45.13,45.42,1712200.0,31.7,0.0,1.0
ED,10/24/2007,45.07,45.83,45.07,45.82,1753800.0,31.98,0.0,1.0
ED,10/25/2007,45.93,46.54,45.61,46.39,2225000.0,32.38,0.0,1.0
ED,10/26/2007,46.42,46.74,46.25,46.67,1039800.0,32.57,0.0,1.0
ED,10/29/2007,46.73,47.08,46.47,46.51,1160700.0,32.45,0.0,1.0
ED,10/30/2007,46.54,46.94,46.43,46.55,1317500.0,32.48,0.0,1.0
ED,10/31/2007,46.65,47.16,46.57,47.09,1408800.0,32.86,0.0,1.0
ED,11/01/2007,47.05,47.19,46.21,46.27,1779200.0,32.29,0.0,1.0
ED,11/02/2007,46.98,47.45,46.76,46.9,3343100.0,32.72,0.0,1.0
ED,11/05/2007,47.39,47.47,46.85,47.28,1504000.0,33.0,0.0,1.0
ED,11/06/2007,46.94,47.21,46.67,47.08,1238500.0,32.85,0.0,1.0
ED,11/07/2007,47.0,47.02,46.15,46.15,3112000.0,32.2,0.0,1.0
ED,11/08/2007,46.59,47.27,46.23,47.14,3595700.0,32.9,0.0,1.0
ED,11/09/2007,46.6,46.89,46.25,46.33,2565000.0,32.73,0.58,1.0
ED,11/12/2007,45.95,46.75,45.95,46.23,2786500.0,32.67,0.0,1.0
ED,11/13/2007,46.55,46.82,46.06,46.82,2340400.0,33.08,0.0,1.0
ED,11/14/2007,46.99,47.03,46.51,46.59,1885500.0,32.92,0.0,1.0
ED,11/15/2007,46.31,47.0,46.31,46.74,2903900.0,33.02,0.0,1.0
ED,11/16/2007,46.97,47.06,46.24,46.83,1766000.0,33.08,0.0,1.0
ED,11/19/2007,46.63,48.0,46.63,47.5,4645400.0,33.56,0.0,1.0
ED,11/20/2007,47.48,48.05,47.45,47.9,3062300.0,33.84,0.0,1.0
ED,11/21/2007,47.6,48.73,47.6,48.0,3270600.0,33.92,0.0,1.0
ED,11/23/2007,48.22,48.67,48.11,48.45,1218500.0,34.23,0.0,1.0
ED,11/26/2007,48.04,49.15,48.04,48.5,2958800.0,34.27,0.0,1.0
ED,11/27/2007,48.85,48.95,48.26,48.74,2809900.0,34.43,0.0,1.0
ED,11/28/2007,49.01,49.01,48.53,48.8,2620500.0,34.48,0.0,1.0
ED,11/29/2007,48.55,48.89,48.37,48.56,2475900.0,34.31,0.0,1.0
ED,11/30/2007,48.75,49.04,48.34,48.45,3038200.0,34.23,0.0,1.0
ED,12/03/2007,48.25,48.8,48.25,48.56,1894600.0,34.31,0.0,1.0
ED,12/04/2007,48.17,49.64,48.17,49.23,2391600.0,34.78,0.0,1.0
ED,12/05/2007,49.59,49.86,49.28,49.71,1928700.0,35.12,0.0,1.0
ED,12/06/2007,49.55,49.66,49.03,49.36,2505700.0,34.88,0.0,1.0
ED,12/07/2007,49.35,49.68,49.09,49.49,1630000.0,34.96,0.0,1.0
ED,12/10/2007,49.35,50.25,49.35,50.21,2591000.0,35.48,0.0,1.0
ED,12/11/2007,50.25,50.51,49.28,49.41,2710600.0,34.91,0.0,1.0
ED,12/12/2007,50.55,50.55,49.44,49.71,2955800.0,35.12,0.0,1.0
ED,12/13/2007,49.56,50.07,49.45,49.95,2160500.0,35.29,0.0,1.0
ED,12/14/2007,49.76,49.83,49.26,49.26,1828200.0,34.8,0.0,1.0
ED,12/17/2007,49.13,49.31,48.4,48.58,2718300.0,34.32,0.0,1.0
ED,12/18/2007,48.83,49.8,48.67,48.9,1988200.0,34.55,0.0,1.0
ED,12/19/2007,48.93,49.06,48.44,48.44,1880300.0,34.23,0.0,1.0
ED,12/20/2007,48.88,49.0,48.09,48.39,1903100.0,34.19,0.0,1.0
ED,12/21/2007,48.81,48.95,48.51,48.64,2558700.0,34.36,0.0,1.0
ED,12/24/2007,48.69,48.92,48.31,48.56,639000.0,34.31,0.0,1.0
ED,12/26/2007,48.51,48.65,48.25,48.33,1263000.0,34.15,0.0,1.0
ED,12/27/2007,48.39,48.56,48.13,48.32,1817100.0,34.14,0.0,1.0
ED,12/28/2007,48.02,49.31,48.02,48.93,2037600.0,34.57,0.0,1.0
ED,12/31/2007,48.76,49.0,48.63,48.85,1421500.0,34.51,0.0,1.0
ED,01/02/2008,48.73,48.88,48.03,48.12,2507700.0,33.99,0.0,1.0
ED,01/03/2008,48.39,48.65,48.01,48.06,1677100.0,33.96,0.0,1.0
ED,01/04/2008,48.14,48.49,47.88,47.92,1644500.0,33.86,0.0,1.0
ED,01/07/2008,48.28,48.71,48.11,48.6,2064500.0,34.33,0.0,1.0
ED,01/08/2008,48.74,49.3,48.3,48.33,2102300.0,34.15,0.0,1.0
ED,01/09/2008,48.06,48.45,47.31,47.84,3398800.0,33.8,0.0,1.0
ED,01/10/2008,47.51,47.55,46.34,46.62,4145700.0,32.94,0.0,1.0
ED,01/11/2008,46.53,47.08,46.09,46.92,2862200.0,33.15,0.0,1.0
ED,01/14/2008,47.2,47.52,46.89,47.52,1943300.0,33.58,0.0,1.0
ED,01/15/2008,47.08,47.8,46.89,46.89,2188800.0,33.13,0.0,1.0
ED,01/16/2008,47.09,47.38,46.38,46.44,2075000.0,32.81,0.0,1.0
ED,01/17/2008,46.4,46.52,44.82,44.93,2927400.0,31.74,0.0,1.0
ED,01/18/2008,45.14,45.83,43.87,44.6,4131400.0,31.51,0.0,1.0
ED,01/22/2008,43.55,44.19,42.74,43.48,4731300.0,30.72,0.0,1.0
ED,01/23/2008,43.63,44.99,42.92,44.92,5649100.0,31.73,0.0,1.0
ED,01/24/2008,45.06,45.26,43.55,43.65,2982100.0,30.84,0.0,1.0
ED,01/25/2008,44.4,45.27,43.17,43.27,3061800.0,30.57,0.0,1.0
ED,01/28/2008,43.41,43.88,43.12,43.49,1923800.0,30.73,0.0,1.0
ED,01/29/2008,43.5,44.05,43.3,43.49,2342200.0,30.73,0.0,1.0
ED,01/30/2008,43.63,43.9,43.11,43.18,3334100.0,30.5,0.0,1.0
ED,01/31/2008,43.05,43.92,42.46,43.57,2819000.0,30.78,0.0,1.0
ED,02/01/2008,43.63,44.48,43.5,44.38,3255700.0,31.36,0.0,1.0
ED,02/04/2008,44.45,45.1,44.37,44.77,2396700.0,31.63,0.0,1.0
ED,02/05/2008,44.66,44.68,43.85,43.93,3858300.0,31.04,0.0,1.0
ED,02/06/2008,44.21,44.4,43.75,43.93,1865900.0,31.04,0.0,1.0
ED,02/07/2008,44.19,44.19,43.36,43.67,2170900.0,30.85,0.0,1.0
ED,02/08/2008,43.53,43.84,43.28,43.37,2550200.0,30.64,0.0,1.0
ED,02/11/2008,43.0,43.05,42.51,42.57,2085100.0,30.48,0.58,1.0
ED,02/12/2008,42.75,43.0,42.51,42.91,1969500.0,30.74,0.0,1.0
ED,02/13/2008,43.19,43.48,42.7,42.88,2703200.0,30.71,0.0,1.0
ED,02/14/2008,43.13,43.37,42.35,42.51,2271900.0,30.44,0.0,1.0
ED,02/15/2008,42.49,42.6,41.96,42.4,1927800.0,30.37,0.0,1.0
ED,02/19/2008,42.61,42.96,42.36,42.56,1740500.0,30.48,0.0,1.0
ED,02/20/2008,42.41,42.61,42.17,42.47,2016800.0,30.42,0.0,1.0
ED,02/21/2008,42.53,42.67,41.6,41.7,1807400.0,29.86,0.0,1.0
ED,02/22/2008,42.01,42.16,41.44,42.14,2797800.0,30.18,0.0,1.0
ED,02/25/2008,42.25,42.39,42.01,42.22,2108700.0,30.24,0.0,1.0
ED,02/26/2008,42.25,42.46,41.76,42.43,1552400.0,30.39,0.0,1.0
ED,02/27/2008,42.26,42.43,41.8,41.9,1228500.0,30.01,0.0,1.0
ED,02/28/2008,41.78,41.8,41.12,41.4,2370300.0,29.65,0.0,1.0
ED,02/29/2008,41.22,41.26,40.57,40.89,3659500.0,29.28,0.0,1.0
ED,03/03/2008,41.05,41.24,40.65,40.98,2020700.0,29.35,0.0,1.0
ED,03/04/2008,41.04,41.42,40.75,41.15,2213100.0,29.48,0.0,1.0
ED,03/05/2008,41.2,41.3,40.65,41.03,2087400.0,29.39,0.0,1.0
ED,03/06/2008,41.32,41.5,40.9,40.9,5127700.0,29.29,0.0,1.0
ED,03/07/2008,41.02,41.02,40.53,40.85,3665400.0,29.25,0.0,1.0
ED,03/10/2008,41.2,41.24,40.61,40.83,2225100.0,29.24,0.0,1.0
ED,03/11/2008,41.18,41.7,41.07,41.63,2647300.0,29.81,0.0,1.0
ED,03/12/2008,41.77,42.11,41.06,41.11,2894800.0,29.45,0.0,1.0
ED,03/13/2008,41.1,41.34,40.62,40.99,2426700.0,29.36,0.0,1.0
ED,03/14/2008,41.06,41.38,40.25,40.67,3548300.0,29.13,0.0,1.0
ED,03/17/2008,40.49,41.11,40.1,40.79,3391600.0,29.21,0.0,1.0
ED,03/18/2008,41.24,41.62,40.88,41.55,2525800.0,29.76,0.0,1.0
ED,03/19/2008,41.5,42.15,40.47,40.48,4608500.0,28.99,0.0,1.0
ED,03/20/2008,40.33,40.99,40.15,40.81,3942000.0,29.22,0.0,1.0
ED,03/24/2008,41.06,41.06,40.33,40.52,2533600.0,29.02,0.0,1.0
ED,03/25/2008,40.62,40.63,40.13,40.25,3453600.0,28.83,0.0,1.0
ED,03/26/2008,40.35,40.35,39.78,39.93,4930600.0,28.59,0.0,1.0
ED,03/27/2008,39.94,40.36,39.8,39.87,2759300.0,28.55,0.0,1.0
ED,03/28/2008,40.0,40.19,39.3,39.45,2485400.0,28.25,0.0,1.0
ED,03/31/2008,39.44,39.87,39.3,39.7,2321200.0,28.43,0.0,1.0
ED,04/01/2008,39.98,40.79,39.8,40.69,2813400.0,29.15,0.0,1.0
ED,04/02/2008,40.94,41.44,40.66,41.18,2674400.0,29.49,0.0,1.0
ED,04/03/2008,41.25,41.37,41.03,41.23,1914200.0,29.52,0.0,1.0
ED,04/04/2008,41.3,41.91,41.23,41.59,2541400.0,29.79,0.0,1.0
ED,04/07/2008,41.81,41.87,41.41,41.54,2126500.0,29.75,0.0,1.0
ED,04/08/2008,41.41,41.64,41.27,41.5,1894200.0,29.72,0.0,1.0
ED,04/09/2008,41.5,41.89,41.48,41.74,1497100.0,29.89,0.0,1.0
ED,04/10/2008,41.82,41.82,41.06,41.12,2157700.0,29.45,0.0,1.0
ED,04/11/2008,41.19,41.4,41.0,41.27,1557100.0,29.55,0.0,1.0
ED,04/14/2008,41.4,41.4,40.7,40.76,2050000.0,29.19,0.0,1.0
ED,04/15/2008,41.03,41.16,40.76,41.05,1685000.0,29.4,0.0,1.0
ED,04/16/2008,41.25,41.85,41.01,41.77,1884300.0,29.91,0.0,1.0
ED,04/17/2008,41.57,42.0,41.47,41.74,1817700.0,29.89,0.0,1.0
ED,04/18/2008,41.82,42.0,41.33,41.52,2388400.0,29.74,0.0,1.0
ED,04/21/2008,41.42,41.65,41.16,41.53,2046500.0,29.75,0.0,1.0
ED,04/22/2008,41.43,41.58,40.98,41.17,1516000.0,29.48,0.0,1.0
ED,04/23/2008,41.13,41.48,41.01,41.18,1691600.0,29.49,0.0,1.0
ED,04/24/2008,41.32,41.54,41.0,41.15,1434000.0,29.48,0.0,1.0
ED,04/25/2008,41.26,41.56,41.16,41.45,1649700.0,29.69,0.0,1.0
ED,04/28/2008,41.48,41.7,41.37,41.59,1533000.0,29.79,0.0,1.0
ED,04/29/2008,41.65,41.84,41.52,41.58,1289300.0,29.78,0.0,1.0
ED,04/30/2008,41.73,42.01,41.5,41.6,1717900.0,29.8,0.0,1.0
ED,05/01/2008,41.72,42.29,41.5,42.22,3011600.0,30.24,0.0,1.0
ED,05/02/2008,42.3,42.73,41.97,42.49,1977600.0,30.44,0.0,1.0
ED,05/05/2008,42.48,42.5,41.81,42.07,1933300.0,30.12,0.0,1.0
ED,05/06/2008,42.05,42.26,41.68,42.26,1951600.0,30.27,0.0,1.0
ED,05/07/2008,42.3,42.38,41.66,41.72,1893800.0,29.88,0.0,1.0
ED,05/08/2008,41.86,42.06,41.52,41.88,1453400.0,29.99,0.0,1.0
ED,05/09/2008,41.73,42.06,41.05,41.95,4073900.0,30.05,0.0,1.0
ED,05/12/2008,41.62,41.67,41.13,41.5,1755100.0,30.14,0.58,1.0
ED,05/13/2008,41.6,41.72,41.11,41.39,1371400.0,30.07,0.0,1.0
ED,05/14/2008,41.65,41.72,41.3,41.64,1404700.0,30.24,0.0,1.0
ED,05/15/2008,41.72,41.73,41.32,41.63,1747300.0,30.23,0.0,1.0
ED,05/16/2008,41.73,41.8,41.48,41.65,1427000.0,30.25,0.0,1.0
ED,05/19/2008,41.7,41.99,41.52,41.94,1142200.0,30.46,0.0,1.0
ED,05/20/2008,41.82,42.08,41.69,41.81,1677200.0,30.37,0.0,1.0
ED,05/21/2008,41.8,42.04,41.35,41.4,2540900.0,30.07,0.0,1.0
ED,05/22/2008,41.54,41.88,41.21,41.64,1905100.0,30.24,0.0,1.0
ED,05/23/2008,41.52,41.61,41.08,41.09,1581900.0,29.84,0.0,1.0
ED,05/27/2008,41.19,41.41,41.06,41.18,1665900.0,29.91,0.0,1.0
ED,05/28/2008,41.31,41.54,41.11,41.34,1462400.0,30.03,0.0,1.0
ED,05/29/2008,41.35,41.52,41.19,41.34,1808300.0,30.03,0.0,1.0
ED,05/30/2008,41.44,41.51,41.22,41.3,1486900.0,30.0,0.0,1.0
ED,06/02/2008,41.23,41.37,40.59,40.73,2151700.0,29.58,0.0,1.0
ED,06/03/2008,40.91,41.12,40.37,40.49,1739800.0,29.41,0.0,1.0
ED,06/04/2008,40.52,40.87,40.16,40.81,1914000.0,29.64,0.0,1.0
ED,06/05/2008,40.72,41.08,40.53,41.01,1538600.0,29.79,0.0,1.0
ED,06/06/2008,40.76,40.9,40.04,40.04,2547400.0,29.08,0.0,1.0
ED,06/09/2008,40.33,40.63,40.11,40.52,1634100.0,29.43,0.0,1.0
ED,06/10/2008,40.31,40.48,40.05,40.25,1503800.0,29.23,0.0,1.0
ED,06/11/2008,40.16,40.28,39.71,39.72,2161500.0,28.84,0.0,1.0
ED,06/12/2008,39.99,40.02,39.65,39.78,2324600.0,28.89,0.0,1.0
ED,06/13/2008,39.96,40.37,39.76,40.36,1752400.0,29.31,0.0,1.0
ED,06/16/2008,40.15,40.32,39.88,40.3,1609900.0,29.27,0.0,1.0
ED,06/17/2008,40.29,40.49,40.03,40.19,1274700.0,29.19,0.0,1.0
ED,06/18/2008,40.07,40.41,39.95,40.04,1991900.0,29.08,0.0,1.0
ED,06/19/2008,40.01,40.44,39.97,40.32,2257100.0,29.28,0.0,1.0
ED,06/20/2008,39.71,40.38,39.66,39.69,2293700.0,28.83,0.0,1.0
ED,06/23/2008,39.78,40.14,39.75,39.82,1509000.0,28.92,0.0,1.0
ED,06/24/2008,39.8,39.98,39.54,39.81,1960000.0,28.91,0.0,1.0
ED,06/25/2008,39.98,40.22,39.77,40.1,1911000.0,29.13,0.0,1.0
ED,06/26/2008,40.03,40.04,39.14,39.17,2759400.0,28.45,0.0,1.0
ED,06/27/2008,39.17,39.46,38.41,38.42,2673700.0,27.9,0.0,1.0
ED,06/30/2008,38.45,39.3,38.36,39.09,3290400.0,28.39,0.0,1.0
ED,07/01/2008,39.0,39.1,38.53,38.76,3884700.0,28.16,0.0,1.0
ED,07/02/2008,38.85,39.02,38.38,38.38,1903000.0,27.87,0.0,1.0
ED,07/03/2008,38.63,38.8,38.12,38.17,1598900.0,27.72,0.0,1.0
ED,07/07/2008,38.3,38.67,37.75,38.0,3166300.0,27.6,0.0,1.0
ED,07/08/2008,38.04,38.81,37.9,38.81,2988700.0,28.19,0.0,1.0
ED,07/09/2008,38.93,39.36,38.67,39.01,2611100.0,28.33,0.0,1.0
ED,07/10/2008,39.1,39.38,38.97,39.17,2203200.0,28.45,0.0,1.0
ED,07/11/2008,39.0,39.28,38.53,38.77,2073800.0,28.16,0.0,1.0
ED,07/14/2008,38.93,38.98,38.18,38.24,1684800.0,27.78,0.0,1.0
ED,07/15/2008,38.18,38.35,37.9,38.13,2008400.0,27.69,0.0,1.0
ED,07/16/2008,38.15,38.28,37.5,37.71,2165100.0,27.39,0.0,1.0
ED,07/17/2008,37.88,38.0,37.38,37.99,2779500.0,27.59,0.0,1.0
ED,07/18/2008,38.02,38.78,37.94,38.48,2545400.0,27.95,0.0,1.0
ED,07/21/2008,38.64,39.08,38.37,38.74,2099600.0,28.14,0.0,1.0
ED,07/22/2008,38.64,39.31,38.64,39.17,2624700.0,28.45,0.0,1.0
ED,07/23/2008,39.27,39.27,38.4,39.0,2252500.0,28.33,0.0,1.0
ED,07/24/2008,39.09,39.09,38.5,38.76,1817300.0,28.16,0.0,1.0
ED,07/25/2008,38.84,38.87,38.22,38.28,1815300.0,27.81,0.0,1.0
ED,07/28/2008,38.3,38.74,38.21,38.34,1804500.0,27.85,0.0,1.0
ED,07/29/2008,38.5,38.61,38.29,38.56,1868200.0,28.01,0.0,1.0
ED,07/30/2008,38.66,39.4,38.58,39.35,1933400.0,28.58,0.0,1.0
ED,07/31/2008,39.16,39.78,39.1,39.7,2335200.0,28.83,0.0,1.0
ED,08/01/2008,39.84,39.84,38.8,38.8,1756700.0,28.19,0.0,1.0
ED,08/04/2008,38.93,39.87,38.84,39.31,2800400.0,28.55,0.0,1.0
ED,08/05/2008,39.57,40.7,39.25,40.64,4293200.0,29.51,0.0,1.0
ED,08/06/2008,40.67,41.2,40.01,40.01,3933700.0,29.06,0.0,1.0
ED,08/07/2008,40.19,40.99,39.72,39.72,3315700.0,28.84,0.0,1.0
ED,08/08/2008,39.9,41.58,39.9,41.5,3356900.0,30.14,0.0,1.0
ED,08/11/2008,40.76,41.3,40.21,41.26,3949600.0,30.4,0.58,1.0
ED,08/12/2008,41.09,41.09,39.9,40.21,4159000.0,29.62,0.0,1.0
ED,08/13/2008,40.21,40.61,39.69,40.44,2905900.0,29.8,0.0,1.0
ED,08/14/2008,40.4,40.4,39.75,39.96,2039800.0,29.44,0.0,1.0
ED,08/15/2008,39.97,40.83,39.93,40.76,2661300.0,30.03,0.0,1.0
ED,08/18/2008,40.84,41.34,40.81,41.25,2117500.0,30.39,0.0,1.0
ED,08/19/2008,41.2,41.24,40.7,41.01,1482300.0,30.21,0.0,1.0
ED,08/20/2008,40.96,41.09,40.63,40.85,1200800.0,30.1,0.0,1.0
ED,08/21/2008,40.57,40.98,40.35,40.83,1407000.0,30.08,0.0,1.0
ED,08/22/2008,40.88,41.26,40.88,41.26,1060600.0,30.4,0.0,1.0
ED,08/25/2008,41.15,41.19,40.55,40.74,1302700.0,30.01,0.0,1.0
ED,08/26/2008,40.73,41.25,40.71,41.13,1997300.0,30.3,0.0,1.0
ED,08/27/2008,41.07,41.37,41.06,41.29,1100300.0,30.42,0.0,1.0
ED,08/28/2008,41.29,41.59,41.08,41.55,1550400.0,30.61,0.0,1.0
ED,08/29/2008,41.41,41.56,40.83,40.9,1513000.0,30.13,0.0,1.0
ED,09/02/2008,41.25,41.7,40.8,41.27,1604100.0,30.41,0.0,1.0
ED,09/03/2008,41.25,41.78,41.09,41.28,2227900.0,30.41,0.0,1.0
ED,09/04/2008,41.25,41.44,40.82,41.16,2484400.0,30.32,0.0,1.0
ED,09/05/2008,41.11,41.2,40.15,40.56,3161300.0,29.88,0.0,1.0
ED,09/08/2008,40.89,42.73,40.73,42.7,3948100.0,31.45,0.0,1.0
ED,09/09/2008,42.71,42.98,42.5,42.51,4316900.0,31.32,0.0,1.0
ED,09/10/2008,42.7,43.23,42.38,42.9,2024100.0,31.61,0.0,1.0
ED,09/11/2008,42.89,43.37,42.3,43.26,2276300.0,31.87,0.0,1.0
ED,09/12/2008,43.0,43.6,42.98,43.58,1907900.0,32.1,0.0,1.0
ED,09/15/2008,42.97,44.46,42.62,44.13,5454400.0,32.51,0.0,1.0
ED,09/16/2008,43.89,45.18,43.8,44.97,4973800.0,33.13,0.0,1.0
ED,09/17/2008,44.5,44.97,43.87,43.87,3633400.0,32.32,0.0,1.0
ED,09/18/2008,43.88,46.21,43.76,45.85,6159700.0,33.78,0.0,1.0
ED,09/19/2008,45.99,46.39,43.5,44.31,5073700.0,32.65,0.0,1.0
ED,09/22/2008,43.98,43.98,43.02,43.09,2410500.0,31.74,0.0,1.0
ED,09/23/2008,42.97,43.58,42.8,42.85,1539400.0,31.57,0.0,1.0
ED,09/24/2008,42.9,43.27,42.32,43.2,1656900.0,31.82,0.0,1.0
ED,09/25/2008,43.31,44.15,43.04,43.8,1675800.0,32.27,0.0,1.0
ED,09/26/2008,43.4,43.95,43.08,43.66,1319500.0,32.16,0.0,1.0
ED,09/29/2008,43.3,44.09,42.62,42.8,3233800.0,31.53,0.0,1.0
ED,09/30/2008,43.13,43.54,42.51,42.96,3606100.0,31.65,0.0,1.0
ED,10/01/2008,42.75,43.93,42.54,43.84,2006800.0,32.3,0.0,1.0
ED,10/02/2008,43.65,44.19,43.29,43.67,2093600.0,32.17,0.0,1.0
ED,10/03/2008,44.16,44.45,43.01,43.16,2107100.0,31.79,0.0,1.0
ED,10/06/2008,42.53,43.19,40.86,42.56,3578600.0,31.36,0.0,1.0
ED,10/07/2008,42.87,43.47,41.44,41.63,3096800.0,30.67,0.0,1.0
ED,10/08/2008,40.99,43.07,40.27,41.44,4026600.0,30.53,0.0,1.0
ED,10/09/2008,41.21,41.68,38.42,38.84,4045800.0,28.61,0.0,1.0
ED,10/10/2008,37.95,38.51,34.11,37.61,6005300.0,27.71,0.0,1.0
ED,10/13/2008,39.17,41.52,38.29,41.06,3844400.0,30.25,0.0,1.0
ED,10/14/2008,42.16,42.5,38.67,40.53,4259300.0,29.85,0.0,1.0
ED,10/15/2008,39.91,40.16,38.5,38.81,2767100.0,28.59,0.0,1.0
ED,10/16/2008,38.9,39.63,37.28,39.59,3247600.0,29.16,0.0,1.0
ED,10/17/2008,38.95,40.62,38.26,39.15,2446600.0,28.84,0.0,1.0
ED,10/20/2008,40.08,42.2,39.3,42.04,2533100.0,30.97,0.0,1.0
ED,10/21/2008,41.76,42.18,40.52,40.83,2335400.0,30.08,0.0,1.0
ED,10/22/2008,40.75,40.75,38.61,39.71,2483500.0,29.25,0.0,1.0
ED,10/23/2008,39.8,41.92,38.76,40.91,4561000.0,30.13,0.0,1.0
ED,10/24/2008,39.04,41.0,38.76,40.21,2939400.0,29.62,0.0,1.0
ED,10/27/2008,40.22,41.25,39.28,39.78,2081400.0,29.31,0.0,1.0
ED,10/28/2008,40.5,43.0,39.72,42.92,3034000.0,31.62,0.0,1.0
ED,10/29/2008,42.55,43.97,42.06,42.14,2839900.0,31.05,0.0,1.0
ED,10/30/2008,43.02,43.91,42.7,43.73,2120000.0,32.22,0.0,1.0
ED,10/31/2008,43.48,44.08,42.68,43.32,2166800.0,31.91,0.0,1.0
ED,11/03/2008,43.42,43.87,42.68,43.61,2251700.0,32.12,0.0,1.0
ED,11/04/2008,44.3,44.86,43.84,44.53,2284800.0,32.8,0.0,1.0
ED,11/05/2008,44.53,44.7,43.28,43.55,2181600.0,32.08,0.0,1.0
ED,11/06/2008,42.05,43.47,41.21,42.23,3409300.0,31.11,0.0,1.0
ED,11/07/2008,42.0,42.17,41.39,42.13,2997100.0,31.47,0.58,1.0
ED,11/10/2008,41.28,41.48,39.0,39.32,3985300.0,29.38,0.0,1.0
ED,11/11/2008,39.12,39.25,38.02,38.77,3504700.0,28.96,0.0,1.0
ED,11/12/2008,38.22,38.62,37.66,38.2,2927500.0,28.53,0.0,1.0
ED,11/13/2008,38.34,39.96,37.65,39.96,4914500.0,29.85,0.0,1.0
ED,11/14/2008,39.22,40.88,38.59,39.19,2533600.0,29.28,0.0,1.0
ED,11/17/2008,38.78,39.8,38.27,38.81,2468500.0,28.99,0.0,1.0
ED,11/18/2008,38.66,39.49,38.11,39.35,2307700.0,29.4,0.0,1.0
ED,11/19/2008,39.3,40.08,38.5,38.52,2310700.0,28.78,0.0,1.0
ED,11/20/2008,38.55,39.5,37.13,37.53,3891900.0,28.04,0.0,1.0
ED,11/21/2008,38.27,40.15,37.46,40.0,4385500.0,29.88,0.0,1.0
ED,11/24/2008,40.2,41.0,39.76,40.18,4365700.0,30.02,0.0,1.0
ED,11/25/2008,40.26,41.0,39.15,39.78,3005000.0,29.72,0.0,1.0
ED,11/26/2008,39.14,39.85,39.02,39.68,1991200.0,29.64,0.0,1.0
ED,11/28/2008,39.29,40.39,39.29,40.39,916400.0,30.17,0.0,1.0
ED,12/01/2008,40.0,40.04,38.26,38.33,2451200.0,28.63,0.0,1.0
ED,12/02/2008,38.82,39.39,38.33,39.33,2923300.0,29.38,0.0,1.0
ED,12/03/2008,38.38,39.6,38.38,39.58,2555500.0,29.57,0.0,1.0
ED,12/04/2008,39.19,39.45,37.78,38.32,2284400.0,28.63,0.0,1.0
ED,12/05/2008,37.92,39.17,37.3,38.97,2606300.0,29.12,0.0,1.0
ED,12/08/2008,39.52,39.65,38.7,39.12,2283200.0,29.22,0.0,1.0
ED,12/09/2008,38.96,39.29,38.3,38.55,1955900.0,28.8,0.0,1.0
ED,12/10/2008,38.83,39.48,38.79,39.41,1981900.0,29.44,0.0,1.0
ED,12/11/2008,39.18,39.75,38.75,39.03,1516800.0,29.15,0.0,1.0
ED,12/12/2008,37.9,38.91,37.9,38.88,2199900.0,29.05,0.0,1.0
ED,12/15/2008,38.9,38.9,38.0,38.64,2133400.0,28.86,0.0,1.0
ED,12/16/2008,38.94,39.38,38.67,39.35,2456600.0,29.4,0.0,1.0
ED,12/17/2008,39.4,39.4,38.56,38.62,1572000.0,28.85,0.0,1.0
ED,12/18/2008,38.8,39.62,38.56,38.99,1951900.0,29.13,0.0,1.0
ED,12/19/2008,39.33,39.74,38.61,38.64,2501300.0,28.86,0.0,1.0
ED,12/22/2008,38.89,39.29,38.51,39.0,2061900.0,29.14,0.0,1.0
ED,12/23/2008,38.83,39.02,38.07,38.24,1417900.0,28.56,0.0,1.0
ED,12/24/2008,38.72,38.72,38.22,38.36,388800.0,28.66,0.0,1.0
ED,12/26/2008,38.5,38.7,38.15,38.31,744900.0,28.62,0.0,1.0
ED,12/29/2008,38.41,38.41,37.97,38.3,1169800.0,28.61,0.0,1.0
ED,12/30/2008,38.48,38.55,38.09,38.52,1347400.0,28.78,0.0,1.0
ED,12/31/2008,38.55,39.04,38.34,38.93,2011000.0,29.09,0.0,1.0
ED,01/02/2009,39.0,39.43,38.74,39.26,1519800.0,29.33,0.0,1.0
ED,01/05/2009,39.2,39.67,39.01,39.47,2185400.0,29.48,0.0,1.0
ED,01/06/2009,39.49,39.74,38.87,39.13,1451300.0,29.23,0.0,1.0
ED,01/07/2009,38.59,39.14,38.59,39.05,2053100.0,29.17,0.0,1.0
ED,01/08/2009,39.04,39.71,39.04,39.46,2633300.0,29.48,0.0,1.0
ED,01/09/2009,39.7,40.26,39.42,39.66,2696700.0,29.63,0.0,1.0
ED,01/12/2009,39.74,40.95,39.72,40.29,3355400.0,30.1,0.0,1.0
ED,01/13/2009,40.02,40.09,39.3,39.58,2748000.0,29.57,0.0,1.0
ED,01/14/2009,39.33,39.6,38.94,39.4,2981900.0,29.44,0.0,1.0
ED,01/15/2009,39.29,39.77,38.94,39.76,1804500.0,29.7,0.0,1.0
ED,01/16/2009,39.96,40.27,39.6,40.07,2479100.0,29.93,0.0,1.0
ED,01/20/2009,39.93,40.82,39.49,39.5,3068400.0,29.5,0.0,1.0
ED,01/21/2009,39.85,40.08,39.05,40.04,2512800.0,29.91,0.0,1.0
ED,01/22/2009,39.8,40.31,39.5,40.05,3807200.0,29.92,0.0,1.0
ED,01/23/2009,39.6,40.25,39.22,40.05,2985900.0,29.92,0.0,1.0
ED,01/26/2009,40.28,41.29,40.08,41.05,2710400.0,30.67,0.0,1.0
ED,01/27/2009,41.19,41.52,40.9,41.39,1897500.0,30.92,0.0,1.0
ED,01/28/2009,41.54,41.79,40.79,41.18,1971000.0,30.76,0.0,1.0
ED,01/29/2009,40.89,41.64,40.78,41.12,1625900.0,30.72,0.0,1.0
ED,01/30/2009,41.07,41.55,40.51,40.75,2163900.0,30.44,0.0,1.0
ED,02/02/2009,40.41,40.73,40.0,40.61,2111500.0,30.34,0.0,1.0
ED,02/03/2009,40.73,41.24,40.37,41.03,1788700.0,30.65,0.0,1.0
ED,02/04/2009,41.06,41.63,40.78,41.06,2095900.0,30.68,0.0,1.0
ED,02/05/2009,40.98,41.38,40.8,41.22,2004500.0,30.79,0.0,1.0
ED,02/06/2009,41.09,41.61,41.0,41.28,2267500.0,30.84,0.0,1.0
ED,02/09/2009,41.27,41.34,40.57,41.19,2162100.0,30.77,0.0,1.0
ED,02/10/2009,40.96,41.19,40.02,40.2,2074400.0,30.03,0.0,1.0
ED,02/11/2009,40.48,40.49,39.78,40.26,1584300.0,30.08,0.0,1.0
ED,02/12/2009,40.17,40.27,39.44,40.19,2492300.0,30.03,0.0,1.0
ED,02/13/2009,39.85,39.99,39.25,39.37,2146400.0,29.85,0.59,1.0
ED,02/17/2009,39.32,39.32,38.09,38.12,2652600.0,28.9,0.0,1.0
ED,02/18/2009,38.28,38.5,37.51,37.74,2193800.0,28.61,0.0,1.0
ED,02/19/2009,38.14,38.5,37.78,37.98,1763700.0,28.8,0.0,1.0
ED,02/20/2009,37.62,38.18,37.19,37.54,2332000.0,28.47,0.0,1.0
ED,02/23/2009,37.95,38.15,36.95,37.02,1972300.0,28.07,0.0,1.0
ED,02/24/2009,37.11,37.62,36.76,37.46,2341700.0,28.4,0.0,1.0
ED,02/25/2009,37.38,37.38,36.69,36.84,3240400.0,27.93,0.0,1.0
ED,02/26/2009,37.22,37.66,36.5,36.53,2864500.0,27.7,0.0,1.0
ED,02/27/2009,36.42,36.84,35.88,36.21,2716900.0,27.46,0.0,1.0
ED,03/02/2009,36.01,36.34,35.17,35.24,2548100.0,26.72,0.0,1.0
ED,03/03/2009,35.32,35.71,33.88,33.9,2749200.0,25.7,0.0,1.0
ED,03/04/2009,34.32,34.79,33.71,34.42,2306800.0,26.1,0.0,1.0
ED,03/05/2009,33.92,34.22,33.33,33.62,2659200.0,25.49,0.0,1.0
ED,03/06/2009,33.87,34.61,33.3,33.94,3526400.0,25.73,0.0,1.0
ED,03/09/2009,33.67,33.75,32.56,32.7,2466000.0,24.79,0.0,1.0
ED,03/10/2009,33.8,33.95,33.28,33.89,3031400.0,25.69,0.0,1.0
ED,03/11/2009,34.2,34.65,34.0,34.21,2538500.0,25.93,0.0,1.0
ED,03/12/2009,34.1,34.82,33.94,34.7,1888300.0,26.31,0.0,1.0
ED,03/13/2009,35.02,35.29,34.55,35.06,1895100.0,26.58,0.0,1.0
ED,03/16/2009,35.4,36.47,35.4,35.93,2442000.0,27.24,0.0,1.0
ED,03/17/2009,36.03,36.56,35.69,36.54,1895700.0,27.7,0.0,1.0
ED,03/18/2009,36.76,38.41,36.65,38.2,3863900.0,28.96,0.0,1.0
ED,03/19/2009,38.2,38.3,37.5,38.02,2248300.0,28.83,0.0,1.0
ED,03/20/2009,38.05,38.78,37.67,37.79,2932500.0,28.65,0.0,1.0
ED,03/23/2009,38.19,38.99,38.0,38.96,2171400.0,29.54,0.0,1.0
ED,03/24/2009,38.49,38.89,38.06,38.07,2026900.0,28.86,0.0,1.0
ED,03/25/2009,38.03,38.76,37.66,38.25,1720600.0,29.0,0.0,1.0
ED,03/26/2009,38.62,38.9,37.81,38.78,2700200.0,29.4,0.0,1.0
ED,03/27/2009,38.4,38.59,37.69,38.38,3044800.0,29.1,0.0,1.0
ED,03/30/2009,37.78,38.78,37.78,38.75,3414900.0,29.38,0.0,1.0
ED,03/31/2009,38.8,39.99,38.64,39.61,4511400.0,30.03,0.0,1.0
ED,04/01/2009,39.44,39.75,38.89,39.39,2514200.0,29.86,0.0,1.0
ED,04/02/2009,39.91,40.0,38.83,39.21,2995300.0,29.73,0.0,1.0
ED,04/03/2009,39.32,39.81,38.83,39.25,2773000.0,29.76,0.0,1.0
ED,04/06/2009,38.99,39.37,38.75,39.1,2068000.0,29.64,0.0,1.0
ED,04/07/2009,38.61,39.08,38.11,38.7,2412700.0,29.34,0.0,1.0
ED,04/08/2009,38.89,39.08,38.4,38.94,1738600.0,29.52,0.0,1.0
ED,04/09/2009,39.18,39.48,38.44,38.89,2001300.0,29.48,0.0,1.0
ED,04/13/2009,38.87,39.06,38.3,38.9,2141000.0,29.14,2.41,1.0
ED,04/14/2009,38.8,38.8,38.01,38.34,1539600.0,28.72,0.0,1.0
ED,04/15/2009,38.21,38.69,38.2,38.69,1103000.0,28.98,0.0,1.0
ED,04/16/2009,38.84,38.86,38.34,38.56,1593800.0,28.89,0.0,1.0
ED,04/17/2009,38.8,38.87,38.4,38.76,1843500.0,29.04,0.0,1.0
ED,04/20/2009,38.49,39.0,38.42,38.43,1552700.0,28.79,0.0,1.0
ED,04/21/2009,38.45,38.99,38.05,38.27,2838500.0,28.67,0.0,1.0
ED,04/22/2009,38.5,38.65,37.26,37.58,4541400.0,28.15,0.0,1.0
ED,04/23/2009,37.76,37.88,37.12,37.48,3090800.0,28.08,0.0,1.0
ED,04/24/2009,37.63,37.74,37.2,37.45,2728500.0,28.06,0.0,1.0
ED,04/27/2009,37.13,37.87,37.13,37.61,2382200.0,28.18,0.0,1.0
ED,04/28/2009,37.52,37.93,37.4,37.68,2482500.0,28.23,0.0,1.0
ED,04/29/2009,37.91,37.91,37.38,37.56,2603700.0,28.14,0.0,1.0
ED,04/30/2009,37.74,37.77,36.95,37.13,3110600.0,27.82,0.0,1.0
ED,05/01/2009,37.21,37.37,36.89,37.37,2274000.0,28.0,0.0,1.0
ED,05/04/2009,37.76,37.77,37.0,37.36,2946500.0,27.99,0.0,1.0
ED,05/05/2009,37.4,37.6,37.17,37.43,2256300.0,28.04,0.0,1.0
ED,05/06/2009,37.15,37.59,36.96,37.04,3251600.0,27.75,0.0,1.0
ED,05/07/2009,37.32,37.45,36.9,37.31,4585000.0,27.95,0.0,1.0
ED,05/08/2009,37.66,38.17,37.3,37.58,3066500.0,28.15,0.0,1.0
ED,05/11/2009,37.13,37.38,36.37,36.42,3212900.0,27.73,0.59,1.0
ED,05/12/2009,36.52,36.78,36.29,36.46,3194900.0,27.76,0.0,1.0
ED,05/13/2009,35.89,36.0,35.16,35.26,6034000.0,26.84,0.0,1.0
ED,05/14/2009,35.21,35.51,34.71,35.02,3755800.0,26.66,0.0,1.0
ED,05/15/2009,35.11,35.25,34.49,34.86,3973000.0,26.54,0.0,1.0
ED,05/18/2009,35.19,35.37,34.6,34.85,2881300.0,26.53,0.0,1.0
ED,05/19/2009,35.19,35.69,35.03,35.23,2647900.0,26.82,0.0,1.0
ED,05/20/2009,35.4,35.55,34.85,34.87,2598300.0,26.55,0.0,1.0
ED,05/21/2009,34.78,34.78,34.36,34.5,3033600.0,26.26,0.0,1.0
ED,05/22/2009,34.51,34.91,34.4,34.6,1771000.0,26.34,0.0,1.0
ED,05/26/2009,34.71,35.75,34.51,35.66,2644600.0,27.15,0.0,1.0
ED,05/27/2009,35.62,35.65,34.73,34.76,2114900.0,26.46,0.0,1.0
ED,05/28/2009,34.94,35.58,34.79,35.41,2131400.0,26.96,0.0,1.0
ED,05/29/2009,35.54,35.58,35.0,35.46,2032700.0,26.99,0.0,1.0
ED,06/01/2009,35.52,36.29,35.52,36.23,2240900.0,27.58,0.0,1.0
ED,06/02/2009,36.24,36.33,35.81,35.84,2369300.0,27.28,0.0,1.0
ED,06/03/2009,35.83,36.0,35.33,35.52,2169900.0,27.04,0.0,1.0
ED,06/04/2009,35.63,35.65,35.36,35.54,1521100.0,27.06,0.0,1.0
ED,06/05/2009,35.77,35.98,35.33,35.78,2277500.0,27.24,0.0,1.0
ED,06/08/2009,35.79,35.98,35.35,35.81,1678600.0,27.26,0.0,1.0
ED,06/09/2009,35.79,35.8,35.4,35.44,1845600.0,26.98,0.0,1.0
ED,06/10/2009,35.74,36.15,35.59,35.92,3181700.0,27.35,0.0,1.0
ED,06/11/2009,35.9,36.99,35.9,36.68,2828600.0,27.92,0.0,1.0
ED,06/12/2009,36.49,37.15,36.13,37.08,1755200.0,28.23,0.0,1.0
ED,06/15/2009,36.85,37.0,36.25,36.56,1763600.0,27.83,0.0,1.0
ED,06/16/2009,36.75,36.9,36.13,36.44,2333100.0,27.74,0.0,1.0
ED,06/17/2009,36.3,36.99,36.3,36.78,2444500.0,28.0,0.0,1.0
ED,06/18/2009,36.66,37.39,36.66,37.33,1480600.0,28.42,0.0,1.0
ED,06/19/2009,37.4,37.45,36.72,36.79,2710600.0,28.01,0.0,1.0
ED,06/22/2009,36.42,37.3,36.34,37.03,2456600.0,28.19,0.0,1.0
ED,06/23/2009,36.99,37.29,36.14,36.26,3050300.0,27.6,0.0,1.0
ED,06/24/2009,36.49,36.63,36.25,36.44,2278300.0,27.74,0.0,1.0
ED,06/25/2009,36.35,37.24,36.0,37.14,2370600.0,28.27,0.0,1.0
ED,06/26/2009,37.13,37.26,36.85,37.04,1518100.0,28.2,0.0,1.0
ED,06/29/2009,37.08,37.55,36.96,37.53,1511700.0,28.57,0.0,1.0
ED,06/30/2009,37.41,37.5,36.79,37.42,3169800.0,28.49,0.0,1.0
ED,07/01/2009,37.5,37.9,37.37,37.8,1711900.0,28.78,0.0,1.0
ED,07/02/2009,37.51,37.73,37.08,37.16,1704500.0,28.29,0.0,1.0
ED,07/06/2009,37.0,37.95,37.0,37.53,2066100.0,28.57,0.0,1.0
ED,07/07/2009,37.66,37.7,36.91,36.96,1265000.0,28.14,0.0,1.0
ED,07/08/2009,37.01,37.36,36.7,37.01,1797700.0,28.17,0.0,1.0
ED,07/09/2009,37.2,37.22,36.55,36.76,1908500.0,27.98,0.0,1.0
ED,07/10/2009,36.64,36.91,36.5,36.63,1297600.0,27.89,0.0,1.0
ED,07/13/2009,36.79,37.2,36.46,37.14,1687700.0,28.27,0.0,1.0
ED,07/14/2009,37.09,37.43,36.87,37.38,1551200.0,28.46,0.0,1.0
ED,07/15/2009,37.54,37.85,37.51,37.82,2420900.0,28.79,0.0,1.0
ED,07/16/2009,37.8,37.81,37.29,37.69,1634300.0,28.69,0.0,1.0
ED,07/17/2009,37.51,37.63,37.16,37.39,2426800.0,28.46,0.0,1.0
ED,07/20/2009,37.51,37.68,37.26,37.61,1303500.0,28.63,0.0,1.0
ED,07/21/2009,37.72,37.95,37.72,37.92,1532200.0,28.87,0.0,1.0
ED,07/22/2009,37.87,38.0,37.66,37.84,1417200.0,28.81,0.0,1.0
ED,07/23/2009,37.75,38.75,37.61,38.67,1983900.0,29.44,0.0,1.0
ED,07/24/2009,38.51,39.1,38.5,39.01,1686200.0,29.7,0.0,1.0
ED,07/27/2009,39.1,39.25,38.8,39.24,1433400.0,29.87,0.0,1.0
ED,07/28/2009,39.1,39.3,38.82,39.07,1684500.0,29.74,0.0,1.0
ED,07/29/2009,38.93,39.32,38.75,39.22,1476400.0,29.86,0.0,1.0
ED,07/30/2009,39.43,39.75,39.16,39.49,1456200.0,30.06,0.0,1.0
ED,07/31/2009,39.41,39.55,39.17,39.36,1507500.0,29.96,0.0,1.0
ED,08/03/2009,39.48,39.68,39.27,39.56,1619800.0,30.12,0.0,1.0
ED,08/04/2009,39.49,39.8,39.3,39.5,1853100.0,30.07,0.0,1.0
ED,08/05/2009,39.59,39.88,39.42,39.64,1990100.0,30.18,0.0,1.0
ED,08/06/2009,39.58,39.63,39.28,39.55,1234800.0,30.11,0.0,1.0
ED,08/07/2009,39.66,40.03,39.54,39.86,1528600.0,30.34,0.0,1.0
ED,08/10/2009,39.79,40.0,39.75,39.98,1035800.0,30.44,0.0,1.0
ED,08/11/2009,39.94,40.31,39.83,40.19,1335300.0,30.6,0.0,1.0
ED,08/12/2009,40.05,40.7,40.0,40.5,2140300.0,30.83,0.0,1.0
ED,08/13/2009,40.51,40.75,40.27,40.47,2037500.0,30.81,0.0,1.0
ED,08/14/2009,40.49,40.66,40.31,40.64,1648100.0,30.94,0.0,1.0
ED,08/17/2009,39.5,39.69,39.26,39.35,2521600.0,30.41,0.59,1.0
ED,08/18/2009,39.34,39.49,39.06,39.29,2103600.0,30.36,0.0,1.0
ED,08/19/2009,39.13,39.41,39.02,39.37,2439700.0,30.42,0.0,1.0
ED,08/20/2009,39.3,39.85,39.14,39.72,1808000.0,30.69,0.0,1.0
ED,08/21/2009,39.88,40.62,39.83,40.5,2250300.0,31.29,0.0,1.0
ED,08/24/2009,40.55,40.6,40.21,40.58,1589700.0,31.36,0.0,1.0
ED,08/25/2009,40.59,40.73,40.31,40.43,1340200.0,31.24,0.0,1.0
ED,08/26/2009,40.45,40.59,39.99,40.39,1509200.0,31.21,0.0,1.0
ED,08/27/2009,40.38,40.7,40.1,40.54,1670900.0,31.32,0.0,1.0
ED,08/28/2009,40.73,40.73,40.22,40.39,1069900.0,31.21,0.0,1.0
ED,08/31/2009,40.37,40.5,40.12,40.19,1562400.0,31.05,0.0,1.0
ED,09/01/2009,40.14,40.45,39.97,40.12,1637500.0,31.0,0.0,1.0
ED,09/02/2009,40.02,40.11,39.61,39.61,1967300.0,30.61,0.0,1.0
ED,09/03/2009,39.72,39.78,39.29,39.74,1649400.0,30.71,0.0,1.0
ED,09/04/2009,39.84,39.89,39.55,39.87,1020900.0,30.81,0.0,1.0
ED,09/08/2009,40.01,40.01,39.6,39.8,1432100.0,30.75,0.0,1.0
ED,09/09/2009,39.91,40.09,39.76,39.89,1674900.0,30.82,0.0,1.0
ED,09/10/2009,39.82,40.07,39.67,39.94,1373800.0,30.86,0.0,1.0
ED,09/11/2009,39.93,40.05,39.59,39.63,1981600.0,30.62,0.0,1.0
ED,09/14/2009,39.63,40.31,39.63,40.26,2448400.0,31.11,0.0,1.0
ED,09/15/2009,40.34,40.9,40.21,40.85,2225600.0,31.56,0.0,1.0
ED,09/16/2009,40.89,41.2,40.66,41.06,2614200.0,31.73,0.0,1.0
ED,09/17/2009,41.03,41.46,40.99,41.03,2098400.0,31.7,0.0,1.0
ED,09/18/2009,41.29,41.5,41.04,41.48,2156900.0,32.05,0.0,1.0
ED,09/21/2009,41.27,41.52,41.18,41.35,1061500.0,31.95,0.0,1.0
ED,09/22/2009,41.39,41.4,40.96,41.17,1349900.0,31.81,0.0,1.0
ED,09/23/2009,41.25,41.77,40.96,40.97,2003900.0,31.66,0.0,1.0
ED,09/24/2009,40.97,41.3,40.9,40.99,1649800.0,31.67,0.0,1.0
ED,09/25/2009,40.89,41.22,40.89,41.07,1149700.0,31.73,0.0,1.0
ED,09/28/2009,41.14,41.58,41.14,41.41,956500.0,32.0,0.0,1.0
ED,09/29/2009,41.42,41.44,41.1,41.29,1229000.0,31.9,0.0,1.0
ED,09/30/2009,41.29,41.35,40.67,40.94,2005600.0,31.63,0.0,1.0
ED,10/01/2009,41.61,41.73,40.76,40.76,2838100.0,31.49,0.0,1.0
ED,10/02/2009,40.62,40.77,40.15,40.35,2055600.0,31.18,0.0,1.0
ED,10/05/2009,40.55,40.88,40.18,40.88,1580300.0,31.59,0.0,1.0
ED,10/06/2009,40.81,41.17,40.7,40.96,1314300.0,31.65,0.0,1.0
ED,10/07/2009,40.96,40.96,40.61,40.94,997800.0,31.63,0.0,1.0
ED,10/08/2009,41.1,41.19,40.72,40.91,1625700.0,31.61,0.0,1.0
ED,10/09/2009,40.83,41.2,40.83,41.09,1022900.0,31.75,0.0,1.0
ED,10/12/2009,41.22,41.49,41.07,41.49,1216300.0,32.06,0.0,1.0
ED,10/13/2009,41.43,41.45,40.87,40.96,1639900.0,31.65,0.0,1.0
ED,10/14/2009,41.05,41.39,40.83,40.95,1688700.0,31.64,0.0,1.0
ED,10/15/2009,40.92,41.22,40.89,41.2,1395300.0,31.83,0.0,1.0
ED,10/16/2009,41.05,41.43,40.48,41.33,1950600.0,31.94,0.0,1.0
ED,10/19/2009,41.32,41.98,41.07,41.88,2094800.0,32.36,0.0,1.0
ED,10/20/2009,41.82,41.97,41.57,41.67,1510200.0,32.2,0.0,1.0
ED,10/21/2009,41.75,41.82,41.44,41.52,2894000.0,32.08,0.0,1.0
ED,10/22/2009,41.58,41.8,41.3,41.78,1589200.0,32.28,0.0,1.0
ED,10/23/2009,41.92,41.93,41.3,41.81,2332000.0,32.31,0.0,1.0
ED,10/26/2009,41.91,42.25,41.31,41.33,2531700.0,31.94,0.0,1.0
ED,10/27/2009,41.36,42.07,41.26,41.34,2544200.0,31.94,0.0,1.0
ED,10/28/2009,41.34,41.67,41.09,41.18,2984000.0,31.82,0.0,1.0
ED,10/29/2009,41.2,41.41,40.68,41.32,2112400.0,31.93,0.0,1.0
ED,10/30/2009,41.26,41.44,40.55,40.68,2905000.0,31.43,0.0,1.0
ED,11/02/2009,40.82,41.41,40.61,41.18,2445100.0,31.82,0.0,1.0
ED,11/03/2009,41.09,41.24,40.8,40.88,2071700.0,31.59,0.0,1.0
ED,11/04/2009,41.02,41.42,40.83,40.95,1758700.0,31.64,0.0,1.0
ED,11/05/2009,41.23,41.57,41.1,41.55,1679600.0,32.11,0.0,1.0
ED,11/06/2009,41.49,41.75,41.34,41.53,1908500.0,32.09,0.0,1.0
ED,11/09/2009,41.63,42.24,41.6,42.21,1640500.0,32.62,0.0,1.0
ED,11/10/2009,42.09,42.58,42.06,42.46,1639700.0,32.81,0.0,1.0
ED,11/11/2009,42.6,42.6,42.16,42.47,2172200.0,32.82,0.0,1.0
ED,11/12/2009,42.54,42.54,42.05,42.17,2228300.0,32.58,0.0,1.0
ED,11/13/2009,42.35,42.55,42.03,42.46,2025800.0,32.81,0.0,1.0
ED,11/16/2009,42.18,42.22,41.68,41.85,2303100.0,32.79,0.59,1.0
ED,11/17/2009,41.9,42.09,41.81,42.09,1514000.0,32.98,0.0,1.0
ED,11/18/2009,42.0,42.24,41.86,42.13,1656000.0,33.01,0.0,1.0
ED,11/19/2009,42.05,42.08,41.69,41.8,1844800.0,32.75,0.0,1.0
ED,11/20/2009,41.7,42.05,41.67,41.9,2048600.0,32.83,0.0,1.0
ED,11/23/2009,42.25,42.49,42.23,42.46,1683200.0,33.27,0.0,1.0
ED,11/24/2009,42.39,42.8,42.25,42.55,2450000.0,33.34,0.0,1.0
ED,11/25/2009,42.61,42.99,42.4,42.91,1568900.0,33.62,0.0,1.0
ED,11/27/2009,42.3,42.81,42.14,42.44,885000.0,33.26,0.0,1.0
ED,11/30/2009,42.54,42.97,42.43,42.91,2187800.0,33.62,0.0,1.0
ED,12/01/2009,42.76,43.49,42.72,43.31,5469100.0,33.94,0.0,1.0
ED,12/02/2009,43.23,43.96,43.23,43.93,2212800.0,34.42,0.0,1.0
ED,12/03/2009,43.98,44.69,43.87,44.37,4220800.0,34.77,0.0,1.0
ED,12/04/2009,44.5,44.8,43.7,44.05,3082600.0,34.52,0.0,1.0
ED,12/07/2009,44.19,44.67,44.19,44.39,2352200.0,34.78,0.0,1.0
ED,12/08/2009,44.33,44.35,43.91,44.01,2568400.0,34.49,0.0,1.0
ED,12/09/2009,44.16,44.2,43.8,44.18,1377400.0,34.62,0.0,1.0
ED,12/10/2009,44.39,44.78,44.31,44.65,1560700.0,34.99,0.0,1.0
ED,12/11/2009,44.64,45.25,44.64,45.18,1784600.0,35.4,0.0,1.0
ED,12/14/2009,45.47,45.47,45.05,45.26,1623900.0,35.47,0.0,1.0
ED,12/15/2009,45.22,45.22,44.89,45.03,1778300.0,35.28,0.0,1.0
ED,12/16/2009,45.24,45.36,44.91,44.95,2116400.0,35.22,0.0,1.0
ED,12/17/2009,44.94,45.5,44.69,45.41,3025300.0,35.58,0.0,1.0
ED,12/18/2009,45.4,45.66,45.28,45.37,3426900.0,35.55,0.0,1.0
ED,12/21/2009,45.41,45.94,45.41,45.72,1670500.0,35.83,0.0,1.0
ED,12/22/2009,45.86,46.07,45.53,45.58,1617300.0,35.72,0.0,1.0
ED,12/23/2009,45.54,45.77,45.37,45.45,1574100.0,35.61,0.0,1.0
ED,12/24/2009,45.56,45.86,45.54,45.86,500000.0,35.94,0.0,1.0
ED,12/28/2009,45.96,45.96,45.67,45.89,893300.0,35.96,0.0,1.0
ED,12/29/2009,45.95,46.17,45.83,46.08,789300.0,36.11,0.0,1.0
ED,12/30/2009,46.05,46.35,45.9,46.13,959700.0,36.15,0.0,1.0
ED,12/31/2009,46.31,46.35,45.41,45.43,1269700.0,35.6,0.0,1.0
ED,01/04/2010,45.73,45.95,45.23,45.38,2142300.0,35.56,0.0,1.0
ED,01/05/2010,45.49,45.63,44.51,44.79,2856000.0,35.1,0.0,1.0
ED,01/06/2010,44.75,45.49,44.75,45.27,2035400.0,35.47,0.0,1.0
ED,01/07/2010,45.34,45.35,44.91,45.11,1993400.0,35.35,0.0,1.0
ED,01/08/2010,44.99,45.3,44.71,45.25,1306400.0,35.46,0.0,1.0
ED,01/11/2010,45.47,45.96,45.36,45.82,1751900.0,35.9,0.0,1.0
ED,01/12/2010,45.76,46.0,45.53,45.73,1451600.0,35.83,0.0,1.0
ED,01/13/2010,45.73,46.19,45.7,46.08,1247200.0,36.11,0.0,1.0
ED,01/14/2010,46.16,46.3,45.97,46.23,1129400.0,36.23,0.0,1.0
ED,01/15/2010,45.92,46.02,45.27,45.72,2444700.0,35.83,0.0,1.0
ED,01/19/2010,45.78,46.41,45.66,46.41,1567200.0,36.37,0.0,1.0
ED,01/20/2010,46.24,46.26,45.56,46.21,1869100.0,36.21,0.0,1.0
ED,01/21/2010,46.31,46.45,45.32,45.61,2114000.0,35.74,0.0,1.0
ED,01/22/2010,44.82,45.27,43.39,43.51,6468200.0,34.09,0.0,1.0
ED,01/25/2010,43.76,44.0,43.07,43.62,3040100.0,34.18,0.0,1.0
ED,01/26/2010,43.58,44.24,43.35,44.08,2522700.0,34.54,0.0,1.0
ED,01/27/2010,43.67,44.07,43.35,44.05,2840900.0,34.52,0.0,1.0
ED,01/28/2010,44.05,44.05,43.45,43.72,1885100.0,34.26,0.0,1.0
ED,01/29/2010,43.88,44.0,43.5,43.74,2049700.0,34.27,0.0,1.0
ED,02/01/2010,43.84,43.93,43.36,43.93,1277700.0,34.42,0.0,1.0
ED,02/02/2010,43.95,44.16,43.4,44.14,1628100.0,34.59,0.0,1.0
ED,02/03/2010,44.02,44.03,43.6,43.76,1205700.0,34.29,0.0,1.0
ED,02/04/2010,43.63,43.73,43.0,43.02,3207400.0,33.71,0.0,1.0
ED,02/05/2010,43.04,43.25,42.51,43.18,3735600.0,33.84,0.0,1.0
ED,02/08/2010,43.23,43.3,42.76,42.81,1381200.0,33.55,0.0,1.0
ED,02/09/2010,43.04,43.8,42.87,43.44,2116200.0,34.04,0.0,1.0
ED,02/10/2010,43.4,43.4,42.66,42.98,2491000.0,33.68,0.0,1.0
ED,02/11/2010,42.98,43.28,42.71,43.17,2019500.0,33.83,0.0,1.0
ED,02/12/2010,42.26,42.48,42.09,42.22,2688500.0,33.55,0.59,1.0
ED,02/16/2010,42.4,42.95,42.39,42.95,1309500.0,34.13,0.0,1.0
ED,02/17/2010,43.11,43.11,42.7,42.86,1027500.0,34.06,0.0,1.0
ED,02/18/2010,42.78,42.87,42.44,42.71,1941500.0,33.94,0.0,1.0
ED,02/19/2010,42.61,43.34,42.49,43.13,1993700.0,34.27,0.0,1.0
ED,02/22/2010,43.14,43.33,42.79,42.92,1598700.0,34.11,0.0,1.0
ED,02/23/2010,42.91,43.0,42.65,42.75,1240200.0,33.97,0.0,1.0
ED,02/24/2010,42.94,42.94,42.52,42.88,1752400.0,34.07,0.0,1.0
ED,02/25/2010,42.5,42.91,42.16,42.87,1817600.0,34.07,0.0,1.0
ED,02/26/2010,42.95,42.99,42.6,42.75,1353400.0,33.97,0.0,1.0
ED,03/01/2010,42.81,43.44,42.81,43.19,1548000.0,34.32,0.0,1.0
ED,03/02/2010,43.4,43.95,43.36,43.79,1898500.0,34.8,0.0,1.0
ED,03/03/2010,43.82,44.2,43.55,43.68,1795800.0,34.71,0.0,1.0
ED,03/04/2010,43.68,43.78,43.25,43.54,1737800.0,34.6,0.0,1.0
ED,03/05/2010,43.25,43.72,43.21,43.62,1682900.0,34.66,0.0,1.0
ED,03/08/2010,43.65,43.8,43.5,43.79,1043100.0,34.8,0.0,1.0
ED,03/09/2010,43.77,43.9,43.59,43.66,1390200.0,34.69,0.0,1.0
ED,03/10/2010,43.78,43.9,43.58,43.74,1220900.0,34.76,0.0,1.0
ED,03/11/2010,43.74,43.92,43.46,43.89,1056100.0,34.88,0.0,1.0
ED,03/12/2010,43.95,44.0,43.67,43.7,1464000.0,34.73,0.0,1.0
ED,03/15/2010,43.89,44.15,43.74,44.15,1270000.0,35.08,0.0,1.0
ED,03/16/2010,44.28,44.61,43.98,44.48,1731500.0,35.35,0.0,1.0
ED,03/17/2010,44.63,44.63,44.35,44.51,1481300.0,35.37,0.0,1.0
ED,03/18/2010,44.58,44.61,44.22,44.33,1454800.0,35.23,0.0,1.0
ED,03/19/2010,44.29,44.51,44.03,44.3,2092900.0,35.2,0.0,1.0
ED,03/22/2010,44.15,44.35,44.02,44.26,1212500.0,35.17,0.0,1.0
ED,03/23/2010,44.42,44.45,43.93,44.17,1927800.0,35.1,0.0,1.0
ED,03/24/2010,44.15,44.15,43.68,43.84,1553800.0,34.84,0.0,1.0
ED,03/25/2010,44.01,44.12,43.76,43.84,1651600.0,34.84,0.0,1.0
ED,03/26/2010,44.02,44.36,43.86,44.18,1513200.0,35.11,0.0,1.0
ED,03/29/2010,44.34,44.6,44.26,44.58,1477700.0,35.42,0.0,1.0
ED,03/30/2010,44.56,44.91,44.53,44.68,1729700.0,35.5,0.0,1.0
ED,03/31/2010,44.59,44.85,44.37,44.54,1246100.0,35.39,0.0,1.0
ED,04/01/2010,44.74,45.14,44.67,44.9,1043800.0,35.68,0.0,1.0
ED,04/05/2010,45.04,45.12,44.85,45.04,909900.0,35.79,0.0,1.0
ED,04/06/2010,45.01,45.37,44.9,45.36,1045400.0,36.04,0.0,1.0
ED,04/07/2010,45.32,45.32,44.75,44.91,1205200.0,35.69,0.0,1.0
ED,04/08/2010,44.84,44.89,44.43,44.51,1453000.0,35.37,0.0,1.0
ED,04/09/2010,44.61,44.87,44.2,44.85,1163800.0,35.64,0.0,1.0
ED,04/12/2010,45.01,45.11,44.75,45.03,1119600.0,35.78,0.0,1.0
ED,04/13/2010,45.02,45.05,44.59,44.76,1223100.0,35.57,0.0,1.0
ED,04/14/2010,44.61,44.88,44.41,44.82,1627300.0,35.62,0.0,1.0
ED,04/15/2010,44.84,44.94,44.53,44.79,1166100.0,35.59,0.0,1.0
ED,04/16/2010,44.75,44.98,44.46,44.54,1864400.0,35.39,0.0,1.0
ED,04/19/2010,44.36,44.7,44.36,44.63,1156200.0,35.46,0.0,1.0
ED,04/20/2010,44.83,45.0,44.68,44.91,1593500.0,35.69,0.0,1.0
ED,04/21/2010,44.99,45.29,44.86,45.16,1926300.0,35.89,0.0,1.0
ED,04/22/2010,45.02,45.26,44.73,45.2,1190700.0,35.92,0.0,1.0
ED,04/23/2010,45.11,45.41,44.9,45.41,1156800.0,36.08,0.0,1.0
ED,04/26/2010,45.39,45.52,45.24,45.29,1051000.0,35.99,0.0,1.0
ED,04/27/2010,45.21,45.45,44.58,44.6,1827000.0,35.44,0.0,1.0
ED,04/28/2010,44.86,45.32,44.6,45.17,1671500.0,35.89,0.0,1.0
ED,04/29/2010,45.31,45.44,44.97,45.21,1421500.0,35.93,0.0,1.0
ED,04/30/2010,45.27,45.79,45.07,45.2,2072600.0,35.92,0.0,1.0
ED,05/03/2010,45.45,45.83,45.2,45.73,1287100.0,36.34,0.0,1.0
ED,05/04/2010,45.51,45.52,44.89,45.04,1583500.0,35.79,0.0,1.0
ED,05/05/2010,44.87,45.45,44.77,45.05,1702600.0,35.8,0.0,1.0
ED,05/06/2010,44.99,45.1,42.2,44.21,3747300.0,35.13,0.0,1.0
ED,05/07/2010,44.88,44.99,43.82,44.34,4685400.0,35.23,0.0,1.0
ED,05/10/2010,44.76,45.16,44.36,44.8,2319700.0,36.07,0.59,1.0
ED,05/11/2010,44.54,45.34,44.54,44.85,1723500.0,36.11,0.0,1.0
ED,05/12/2010,44.85,45.09,44.68,44.85,2076600.0,36.11,0.0,1.0
ED,05/13/2010,44.87,45.06,44.5,44.54,1566400.0,35.86,0.0,1.0
ED,05/14/2010,44.5,44.97,44.0,44.44,3219200.0,35.78,0.0,1.0
ED,05/17/2010,44.61,44.65,43.92,44.52,2080700.0,35.85,0.0,1.0
ED,05/18/2010,44.74,44.92,44.07,44.35,2218900.0,35.71,0.0,1.0
ED,05/19/2010,44.07,44.2,43.52,43.82,1677400.0,35.28,0.0,1.0
ED,05/20/2010,43.33,43.81,42.96,42.96,3670500.0,34.59,0.0,1.0
ED,05/21/2010,42.58,43.42,42.31,43.29,3870700.0,34.86,0.0,1.0
ED,05/24/2010,42.94,43.33,42.7,42.79,2600600.0,34.45,0.0,1.0
ED,05/25/2010,42.09,42.53,41.78,42.52,2966300.0,34.24,0.0,1.0
ED,05/26/2010,42.74,42.86,42.08,42.27,2313800.0,34.04,0.0,1.0
ED,05/27/2010,42.52,42.86,42.34,42.74,1771400.0,34.41,0.0,1.0
ED,05/28/2010,42.76,42.98,42.44,42.59,1923700.0,34.29,0.0,1.0
ED,06/01/2010,42.35,42.55,41.72,41.75,2123200.0,33.62,0.0,1.0
ED,06/02/2010,42.0,42.55,41.72,42.55,2419000.0,34.26,0.0,1.0
ED,06/03/2010,42.77,43.15,42.63,42.82,1741900.0,34.48,0.0,1.0
ED,06/04/2010,42.48,42.48,41.52,41.66,2130800.0,33.54,0.0,1.0
ED,06/07/2010,41.83,42.37,41.7,41.87,1644600.0,33.71,0.0,1.0
ED,06/08/2010,42.0,42.51,41.71,42.46,1519000.0,34.19,0.0,1.0
ED,06/09/2010,42.69,42.74,42.03,42.15,1341800.0,33.94,0.0,1.0
ED,06/10/2010,42.58,43.09,42.58,43.09,1223500.0,34.7,0.0,1.0
ED,06/11/2010,42.82,43.14,42.52,43.13,1081800.0,34.73,0.0,1.0
ED,06/14/2010,43.35,43.63,43.25,43.35,1407400.0,34.9,0.0,1.0
ED,06/15/2010,43.63,44.1,43.51,44.09,1292900.0,35.5,0.0,1.0
ED,06/16/2010,43.84,44.52,43.84,44.42,1349200.0,35.77,0.0,1.0
ED,06/17/2010,44.4,44.83,44.19,44.77,1388000.0,36.05,0.0,1.0
ED,06/18/2010,44.82,44.93,44.57,44.89,1374200.0,36.14,0.0,1.0
ED,06/21/2010,45.0,45.08,44.47,44.69,1287500.0,35.98,0.0,1.0
ED,06/22/2010,44.69,44.81,43.71,43.81,1757300.0,35.28,0.0,1.0
ED,06/23/2010,43.98,44.02,43.45,43.65,1689300.0,35.15,0.0,1.0
ED,06/24/2010,43.52,44.29,43.48,43.76,1472200.0,35.23,0.0,1.0
ED,06/25/2010,43.83,43.98,43.42,43.84,1481700.0,35.3,0.0,1.0
ED,06/28/2010,44.07,44.28,43.57,44.14,967000.0,35.54,0.0,1.0
ED,06/29/2010,43.88,43.9,43.26,43.48,1678200.0,35.01,0.0,1.0
ED,06/30/2010,43.33,43.76,43.0,43.1,2205600.0,34.7,0.0,1.0
ED,07/01/2010,43.1,43.11,42.5,42.9,2239800.0,34.54,0.0,1.0
ED,07/02/2010,43.06,43.42,42.9,43.19,1901100.0,34.78,0.0,1.0
ED,07/06/2010,43.39,43.8,43.2,43.62,3046600.0,35.12,0.0,1.0
ED,07/07/2010,43.64,44.77,43.5,44.75,1738100.0,36.03,0.0,1.0
ED,07/08/2010,44.85,45.32,44.72,45.32,2240100.0,36.49,0.0,1.0
ED,07/09/2010,45.18,45.35,44.9,45.27,1226000.0,36.45,0.0,1.0
ED,07/12/2010,45.19,45.51,44.95,45.4,1081000.0,36.56,0.0,1.0
ED,07/13/2010,45.7,45.71,45.21,45.52,1580100.0,36.65,0.0,1.0
ED,07/14/2010,45.42,45.57,45.15,45.57,1117900.0,36.69,0.0,1.0
ED,07/15/2010,45.46,45.85,45.26,45.74,1511300.0,36.83,0.0,1.0
ED,07/16/2010,45.56,45.7,44.97,45.06,1853000.0,36.28,0.0,1.0
ED,07/19/2010,45.24,45.85,45.11,45.67,1505500.0,36.77,0.0,1.0
ED,07/20/2010,45.27,45.85,44.98,45.83,1705600.0,36.9,0.0,1.0
ED,07/21/2010,45.79,45.79,45.01,45.27,1872200.0,36.45,0.0,1.0
ED,07/22/2010,45.48,46.2,45.44,46.02,1765200.0,37.05,0.0,1.0
ED,07/23/2010,45.79,46.3,45.6,46.3,1609800.0,37.28,0.0,1.0
ED,07/26/2010,46.38,46.69,46.21,46.68,1314400.0,37.59,0.0,1.0
ED,07/27/2010,46.78,47.19,46.58,47.16,2254000.0,37.97,0.0,1.0
ED,07/28/2010,47.01,47.1,46.79,47.03,1511700.0,37.87,0.0,1.0
ED,07/29/2010,47.16,47.25,46.28,46.57,1993700.0,37.5,0.0,1.0
ED,07/30/2010,46.3,46.39,45.9,46.12,2041300.0,37.14,0.0,1.0
ED,08/02/2010,46.4,47.15,46.4,47.14,2096800.0,37.96,0.0,1.0
ED,08/03/2010,47.04,47.23,46.73,46.93,1989600.0,37.79,0.0,1.0
ED,08/04/2010,47.03,47.05,46.61,46.94,1820000.0,37.8,0.0,1.0
ED,08/05/2010,46.84,47.24,46.67,47.21,1383700.0,38.01,0.0,1.0
ED,08/06/2010,47.12,47.59,46.89,47.57,2404300.0,38.3,0.0,1.0
ED,08/09/2010,47.58,48.22,47.58,47.97,2490400.0,38.62,0.0,1.0
ED,08/10/2010,47.84,48.53,47.65,48.36,2689600.0,38.94,0.0,1.0
ED,08/11/2010,47.8,48.24,47.6,47.64,2562000.0,38.36,0.0,1.0
ED,08/12/2010,47.57,48.11,47.25,47.95,3291800.0,38.61,0.0,1.0
ED,08/13/2010,47.99,47.99,47.48,47.55,3825200.0,38.29,0.0,1.0
ED,08/16/2010,46.65,47.04,46.23,46.85,3028600.0,38.2,0.59,1.0
ED,08/17/2010,47.06,47.64,46.91,47.38,2842900.0,38.63,0.0,1.0
ED,08/18/2010,47.43,47.43,46.66,46.96,2185600.0,38.29,0.0,1.0
ED,08/19/2010,46.87,46.87,46.22,46.5,2115200.0,37.92,0.0,1.0
ED,08/20/2010,46.25,46.78,46.12,46.7,2090400.0,38.08,0.0,1.0
ED,08/23/2010,46.78,47.3,46.71,46.98,2439500.0,38.31,0.0,1.0
ED,08/24/2010,46.78,47.63,46.64,47.31,2317700.0,38.58,0.0,1.0
ED,08/25/2010,47.01,47.61,47.01,47.44,2027600.0,38.68,0.0,1.0
ED,08/26/2010,47.59,47.63,47.02,47.15,1608700.0,38.45,0.0,1.0
ED,08/27/2010,47.34,47.9,47.1,47.88,1823800.0,39.04,0.0,1.0
ED,08/30/2010,47.7,47.86,47.21,47.25,1054500.0,38.53,0.0,1.0
ED,08/31/2010,47.01,47.69,46.84,47.53,2026600.0,38.76,0.0,1.0
ED,09/01/2010,47.92,48.3,47.58,48.24,2246100.0,39.34,0.0,1.0
ED,09/02/2010,48.28,48.28,47.84,48.25,1581600.0,39.34,0.0,1.0
ED,09/03/2010,48.25,48.45,48.0,48.44,2160300.0,39.5,0.0,1.0
ED,09/07/2010,48.27,48.72,48.25,48.36,1666100.0,39.43,0.0,1.0
ED,09/08/2010,48.45,48.47,47.73,47.78,2334000.0,38.96,0.0,1.0
ED,09/09/2010,48.1,48.2,47.86,47.95,1680500.0,39.1,0.0,1.0
ED,09/10/2010,47.84,47.92,47.44,47.69,1980400.0,38.89,0.0,1.0
ED,09/13/2010,47.82,47.83,47.52,47.77,1671900.0,38.95,0.0,1.0
ED,09/14/2010,47.76,48.28,47.52,48.1,1566400.0,39.22,0.0,1.0
ED,09/15/2010,48.14,48.24,47.7,47.85,1677600.0,39.02,0.0,1.0
ED,09/16/2010,47.82,47.86,47.45,47.59,1453900.0,38.81,0.0,1.0
ED,09/17/2010,47.88,48.33,47.69,47.92,2821100.0,39.07,0.0,1.0
ED,09/20/2010,47.95,48.74,47.95,48.69,2283800.0,39.7,0.0,1.0
ED,09/21/2010,48.63,48.7,48.27,48.45,2424100.0,39.51,0.0,1.0
ED,09/22/2010,48.53,48.94,48.47,48.52,1381200.0,39.56,0.0,1.0
ED,09/23/2010,48.41,48.61,48.0,48.09,1580200.0,39.21,0.0,1.0
ED,09/24/2010,48.35,48.89,48.35,48.79,1390000.0,39.78,0.0,1.0
ED,09/27/2010,48.69,48.93,48.53,48.75,1099900.0,39.75,0.0,1.0
ED,09/28/2010,48.15,48.6,47.91,48.5,5613800.0,39.55,0.0,1.0
ED,09/29/2010,48.5,48.56,48.29,48.43,2375700.0,39.49,0.0,1.0
ED,09/30/2010,48.45,48.61,48.11,48.22,1989500.0,39.32,0.0,1.0
ED,10/01/2010,48.4,48.44,47.95,48.33,2043600.0,39.41,0.0,1.0
ED,10/04/2010,48.14,48.46,47.91,48.07,1833100.0,39.2,0.0,1.0
ED,10/05/2010,48.4,48.48,48.19,48.41,2523500.0,39.47,0.0,1.0
ED,10/06/2010,48.38,48.44,48.03,48.19,2100300.0,39.29,0.0,1.0
ED,10/07/2010,48.3,48.38,47.94,48.17,1740300.0,39.28,0.0,1.0
ED,10/08/2010,48.08,48.32,48.02,48.27,1486400.0,39.36,0.0,1.0
ED,10/11/2010,48.24,48.41,48.13,48.23,985900.0,39.33,0.0,1.0
ED,10/12/2010,48.23,48.33,48.01,48.22,1321400.0,39.32,0.0,1.0
ED,10/13/2010,48.29,48.33,48.14,48.2,1518900.0,39.3,0.0,1.0
ED,10/14/2010,48.35,48.53,48.27,48.45,1913900.0,39.51,0.0,1.0
ED,10/15/2010,48.49,48.65,48.4,48.6,1884800.0,39.63,0.0,1.0
ED,10/18/2010,48.59,49.2,48.56,49.09,3924200.0,40.03,0.0,1.0
ED,10/19/2010,48.7,49.29,48.67,48.84,1980200.0,39.82,0.0,1.0
ED,10/20/2010,48.9,49.34,48.9,49.11,1471300.0,40.04,0.0,1.0
ED,10/21/2010,49.36,49.36,48.64,48.88,1513500.0,39.86,0.0,1.0
ED,10/22/2010,48.99,49.13,48.71,49.12,1508400.0,40.05,0.0,1.0
ED,10/25/2010,49.25,49.39,48.9,49.2,1768000.0,40.12,0.0,1.0
ED,10/26/2010,49.01,49.47,48.81,49.46,1905200.0,40.33,0.0,1.0
ED,10/27/2010,49.2,49.76,49.14,49.74,2402500.0,40.56,0.0,1.0
ED,10/28/2010,49.9,49.95,49.63,49.85,2450500.0,40.65,0.0,1.0
ED,10/29/2010,49.89,49.9,49.48,49.72,1661500.0,40.54,0.0,1.0
ED,11/01/2010,49.88,50.14,49.43,49.66,1618100.0,40.49,0.0,1.0
ED,11/02/2010,49.91,50.86,49.91,50.73,1904900.0,41.37,0.0,1.0
ED,11/03/2010,50.75,50.87,50.21,50.49,2006300.0,41.17,0.0,1.0
ED,11/04/2010,50.85,50.99,50.6,50.88,3149400.0,41.49,0.0,1.0
ED,11/05/2010,50.91,51.03,50.61,51.0,2519600.0,41.59,0.0,1.0
ED,11/08/2010,50.93,50.98,50.33,50.68,2397900.0,41.32,0.0,1.0
ED,11/09/2010,50.66,51.02,50.51,50.61,2079200.0,41.27,0.0,1.0
ED,11/10/2010,50.57,50.57,49.92,50.09,2061800.0,40.84,0.0,1.0
ED,11/11/2010,49.68,50.08,49.66,50.08,1997800.0,40.84,0.0,1.0
ED,11/12/2010,49.91,49.93,49.52,49.74,2205300.0,40.56,0.0,1.0
ED,11/15/2010,49.25,49.59,49.1,49.21,1763400.0,40.61,0.59,1.0
ED,11/16/2010,49.07,49.11,48.4,48.66,2153600.0,40.16,0.0,1.0
ED,11/17/2010,48.57,48.75,48.41,48.58,1314900.0,40.09,0.0,1.0
ED,11/18/2010,48.91,48.97,48.57,48.85,1159000.0,40.31,0.0,1.0
ED,11/19/2010,48.88,48.97,48.41,48.63,1173300.0,40.13,0.0,1.0
ED,11/22/2010,48.7,48.73,48.27,48.7,1567200.0,40.19,0.0,1.0
ED,11/23/2010,48.38,48.46,48.06,48.24,2094400.0,39.81,0.0,1.0
ED,11/24/2010,48.46,48.5,48.2,48.33,1297900.0,39.89,0.0,1.0
ED,11/26/2010,48.22,48.48,48.0,48.18,1201600.0,39.76,0.0,1.0
ED,11/29/2010,48.0,48.2,47.51,48.02,1978500.0,39.63,0.0,1.0
ED,11/30/2010,47.72,48.72,47.72,48.37,2269200.0,39.92,0.0,1.0
ED,12/01/2010,48.8,48.89,48.46,48.75,1751200.0,40.23,0.0,1.0
ED,12/02/2010,48.72,48.89,48.45,48.83,2077000.0,40.3,0.0,1.0
ED,12/03/2010,48.8,49.06,48.6,49.02,3253000.0,40.45,0.0,1.0
ED,12/06/2010,49.0,49.07,48.86,48.89,1160600.0,40.35,0.0,1.0
ED,12/07/2010,49.15,49.16,48.43,48.57,1807400.0,40.08,0.0,1.0
ED,12/08/2010,48.54,48.74,48.04,48.28,1609400.0,39.84,0.0,1.0
ED,12/09/2010,48.39,48.75,48.23,48.71,1593600.0,40.2,0.0,1.0
ED,12/10/2010,48.8,48.99,48.75,48.88,1114000.0,40.34,0.0,1.0
ED,12/13/2010,49.08,49.45,48.95,49.18,1417500.0,40.59,0.0,1.0
ED,12/14/2010,49.35,49.65,49.33,49.5,1479900.0,40.85,0.0,1.0
ED,12/15/2010,49.51,49.55,48.92,49.01,1748800.0,40.45,0.0,1.0
ED,12/16/2010,49.13,49.56,48.77,49.55,1816400.0,40.89,0.0,1.0
ED,12/17/2010,49.48,49.53,49.14,49.34,3107500.0,40.72,0.0,1.0
ED,12/20/2010,49.5,49.55,49.2,49.46,1304900.0,40.82,0.0,1.0
ED,12/21/2010,49.59,49.62,49.36,49.49,960800.0,40.84,0.0,1.0
ED,12/22/2010,49.52,49.9,49.5,49.56,1112200.0,40.9,0.0,1.0
ED,12/23/2010,49.55,49.69,49.43,49.6,618300.0,40.93,0.0,1.0
ED,12/27/2010,49.46,49.81,49.38,49.65,673100.0,40.97,0.0,1.0
ED,12/28/2010,49.64,49.78,49.48,49.73,707000.0,41.04,0.0,1.0
ED,12/29/2010,49.79,49.8,49.53,49.53,753600.0,40.88,0.0,1.0
ED,12/30/2010,49.46,49.68,49.41,49.42,721800.0,40.78,0.0,1.0
ED,12/31/2010,49.38,49.79,49.38,49.57,992500.0,40.91,0.0,1.0
ED,01/03/2011,49.76,49.78,49.51,49.55,1189400.0,40.89,0.0,1.0
ED,01/04/2011,49.55,49.9,49.23,49.7,1552700.0,41.02,0.0,1.0
ED,01/05/2011,49.68,49.73,49.26,49.37,1424400.0,40.74,0.0,1.0
ED,01/06/2011,49.35,49.42,48.97,49.32,1291100.0,40.7,0.0,1.0
ED,01/07/2011,49.4,49.54,49.04,49.54,1385200.0,40.88,0.0,1.0
ED,01/10/2011,49.29,49.42,48.8,49.23,1691100.0,40.63,0.0,1.0
ED,01/11/2011,49.3,49.36,49.1,49.25,1337100.0,40.64,0.0,1.0
ED,01/12/2011,49.42,49.8,49.37,49.56,1152800.0,40.9,0.0,1.0
ED,01/13/2011,49.6,49.98,49.54,49.96,1645600.0,41.23,0.0,1.0
ED,01/14/2011,49.45,49.96,49.4,49.83,1520800.0,41.12,0.0,1.0
ED,01/18/2011,49.87,50.12,49.76,50.11,1260000.0,41.35,0.0,1.0
ED,01/19/2011,50.13,50.38,50.07,50.35,1831900.0,41.55,0.0,1.0
ED,01/20/2011,50.31,50.87,50.24,50.53,1810600.0,41.7,0.0,1.0
ED,01/21/2011,50.68,50.68,49.81,49.87,2588100.0,41.16,0.0,1.0
ED,01/24/2011,49.79,50.6,49.79,50.55,2484100.0,41.72,0.0,1.0
ED,01/25/2011,50.56,50.7,50.34,50.65,1281300.0,41.8,0.0,1.0
ED,01/26/2011,50.46,50.68,50.21,50.5,1321800.0,41.68,0.0,1.0
ED,01/27/2011,50.6,50.78,50.36,50.62,1169500.0,41.78,0.0,1.0
ED,01/28/2011,50.73,50.79,50.0,50.07,1377100.0,41.32,0.0,1.0
ED,01/31/2011,50.15,50.47,49.88,49.91,1422900.0,41.19,0.0,1.0
ED,02/01/2011,50.14,50.24,49.72,50.11,1733400.0,41.35,0.0,1.0
ED,02/02/2011,50.0,50.15,49.72,49.82,1450100.0,41.11,0.0,1.0
ED,02/03/2011,49.74,49.9,49.6,49.87,4360800.0,41.16,0.0,1.0
ED,02/04/2011,49.91,49.92,49.4,49.59,4813800.0,40.93,0.0,1.0
ED,02/07/2011,49.65,49.89,49.59,49.89,4880900.0,41.17,0.0,1.0
ED,02/08/2011,49.96,49.96,49.55,49.64,1862900.0,40.97,0.0,1.0
ED,02/09/2011,49.53,49.98,49.47,49.94,1633500.0,41.21,0.0,1.0
ED,02/10/2011,49.78,50.1,49.72,50.09,1489900.0,41.34,0.0,1.0
ED,02/11/2011,50.02,50.3,49.98,50.1,1965900.0,41.35,0.0,1.0
ED,02/14/2011,49.59,49.59,49.16,49.34,1159200.0,41.21,0.6,1.0
ED,02/15/2011,49.31,49.65,49.25,49.53,1105700.0,41.37,0.0,1.0
ED,02/16/2011,49.55,49.56,48.94,49.22,1731100.0,41.11,0.0,1.0
ED,02/17/2011,49.07,49.27,48.8,48.9,2108500.0,40.85,0.0,1.0
ED,02/18/2011,48.92,49.15,48.71,49.02,1593300.0,40.95,0.0,1.0
ED,02/22/2011,48.63,48.99,48.55,48.89,1587800.0,40.84,0.0,1.0
ED,02/23/2011,48.89,49.38,48.66,49.21,2730500.0,41.11,0.0,1.0
ED,02/24/2011,49.13,49.18,48.67,48.85,1671100.0,40.8,0.0,1.0
ED,02/25/2011,49.0,49.48,48.92,49.41,1480200.0,41.27,0.0,1.0
ED,02/28/2011,49.62,50.22,49.45,49.98,2154500.0,41.75,0.0,1.0
ED,03/01/2011,49.96,50.22,49.57,49.57,1717500.0,41.41,0.0,1.0
ED,03/02/2011,49.69,49.78,49.34,49.58,1351300.0,41.41,0.0,1.0
ED,03/03/2011,49.79,50.12,49.71,49.91,1304300.0,41.69,0.0,1.0
ED,03/04/2011,49.9,49.99,49.33,49.71,1122900.0,41.52,0.0,1.0
ED,03/07/2011,49.79,50.25,49.71,49.84,1524700.0,41.63,0.0,1.0
ED,03/08/2011,49.82,50.49,49.8,50.34,1335700.0,42.05,0.0,1.0
ED,03/09/2011,50.23,50.78,50.23,50.72,1356000.0,42.37,0.0,1.0
ED,03/10/2011,50.49,50.61,50.08,50.19,1270000.0,41.92,0.0,1.0
ED,03/11/2011,50.15,50.39,49.99,50.27,795700.0,41.99,0.0,1.0
ED,03/14/2011,50.02,50.02,49.58,49.88,2151500.0,41.66,0.0,1.0
ED,03/15/2011,49.41,50.06,49.19,49.73,2683000.0,41.54,0.0,1.0
ED,03/16/2011,49.73,49.8,48.86,49.1,2616900.0,41.01,0.0,1.0
ED,03/17/2011,49.52,49.57,48.85,49.29,2158900.0,41.17,0.0,1.0
ED,03/18/2011,49.74,49.96,49.43,49.51,2504900.0,41.36,0.0,1.0
ED,03/21/2011,49.9,50.2,49.81,50.15,1233700.0,41.89,0.0,1.0
ED,03/22/2011,50.18,50.24,49.79,49.79,1337900.0,41.59,0.0,1.0
ED,03/23/2011,49.84,49.86,49.36,49.71,1300700.0,41.52,0.0,1.0
ED,03/24/2011,49.86,50.04,49.56,49.92,958100.0,41.7,0.0,1.0
ED,03/25/2011,50.06,50.16,49.91,50.01,1120300.0,41.77,0.0,1.0
ED,03/28/2011,50.03,50.35,50.0,50.12,1393300.0,41.87,0.0,1.0
ED,03/29/2011,50.08,50.68,49.97,50.62,1352600.0,42.28,0.0,1.0
ED,03/30/2011,50.72,50.9,50.61,50.72,1559100.0,42.37,0.0,1.0
ED,03/31/2011,50.67,50.89,50.56,50.72,1146100.0,42.37,0.0,1.0
ED,04/01/2011,50.98,51.12,50.85,51.05,1011900.0,42.64,0.0,1.0
ED,04/04/2011,51.03,51.06,50.76,51.02,937100.0,42.62,0.0,1.0
ED,04/05/2011,51.03,51.15,50.89,50.94,720000.0,42.55,0.0,1.0
ED,04/06/2011,51.04,51.35,50.9,51.22,1264200.0,42.78,0.0,1.0
ED,04/07/2011,50.99,51.14,50.51,50.94,1114800.0,42.55,0.0,1.0
ED,04/08/2011,51.04,51.07,50.65,50.9,842200.0,42.52,0.0,1.0
ED,04/11/2011,50.82,50.87,50.06,50.22,2059300.0,41.95,0.0,1.0
ED,04/12/2011,50.15,50.37,49.87,49.97,1411800.0,41.74,0.0,1.0
ED,04/13/2011,50.16,50.4,50.02,50.1,1130100.0,41.85,0.0,1.0
ED,04/14/2011,49.91,50.18,49.8,50.09,1142600.0,41.84,0.0,1.0
ED,04/15/2011,50.23,50.89,50.15,50.71,1475300.0,42.36,0.0,1.0
ED,04/18/2011,50.32,50.58,50.09,50.23,1523300.0,41.96,0.0,1.0
ED,04/19/2011,50.27,50.34,49.91,50.15,1131700.0,41.89,0.0,1.0
ED,04/20/2011,50.56,50.76,50.3,50.71,1214400.0,42.36,0.0,1.0
ED,04/21/2011,50.71,50.81,50.46,50.68,786400.0,42.33,0.0,1.0
ED,04/25/2011,50.67,50.83,50.55,50.69,796400.0,42.34,0.0,1.0
ED,04/26/2011,50.86,51.12,50.76,51.08,1200000.0,42.67,0.0,1.0
ED,04/27/2011,51.15,51.7,51.12,51.56,1375400.0,43.07,0.0,1.0
ED,04/28/2011,51.58,52.0,51.51,51.96,1222400.0,43.4,0.0,1.0
ED,04/29/2011,51.86,52.14,51.8,52.12,1183000.0,43.54,0.0,1.0
ED,05/02/2011,52.13,52.48,52.12,52.3,1022800.0,43.69,0.0,1.0
ED,05/03/2011,52.19,52.96,52.16,52.8,1858600.0,44.1,0.0,1.0
ED,05/04/2011,52.66,53.12,52.5,52.99,2071300.0,44.26,0.0,1.0
ED,05/05/2011,52.85,52.93,52.4,52.75,2045600.0,44.06,0.0,1.0
ED,05/06/2011,53.03,53.34,52.86,53.1,1914700.0,44.35,0.0,1.0
ED,05/09/2011,53.12,53.18,52.77,53.09,1534900.0,44.35,0.0,1.0
ED,05/10/2011,53.25,53.83,53.13,53.55,2062000.0,44.73,0.0,1.0
ED,05/11/2011,53.61,53.73,53.21,53.69,2468000.0,44.85,0.0,1.0
ED,05/12/2011,53.7,54.31,53.44,54.24,2111000.0,45.31,0.0,1.0
ED,05/13/2011,54.27,54.36,53.8,54.12,1798200.0,45.21,0.0,1.0
ED,05/16/2011,53.51,53.92,53.28,53.35,1939400.0,45.06,0.6,1.0
ED,05/17/2011,53.3,53.71,53.26,53.67,1751800.0,45.33,0.0,1.0
ED,05/18/2011,53.73,53.73,53.22,53.63,1227400.0,45.3,0.0,1.0
ED,05/19/2011,53.66,54.0,53.58,53.98,1397400.0,45.6,0.0,1.0
ED,05/20/2011,53.89,54.21,53.75,53.91,1575800.0,45.54,0.0,1.0
ED,05/23/2011,52.81,53.7,52.81,53.15,2065800.0,44.9,0.0,1.0
ED,05/24/2011,53.06,53.13,52.55,52.75,2565200.0,44.56,0.0,1.0
ED,05/25/2011,52.59,52.94,52.23,52.61,1862500.0,44.44,0.0,1.0
ED,05/26/2011,52.53,52.94,52.3,52.73,1464800.0,44.54,0.0,1.0
ED,05/27/2011,52.78,52.99,52.62,52.73,1113200.0,44.54,0.0,1.0
ED,05/31/2011,53.01,53.1,52.71,53.06,1652900.0,44.82,0.0,1.0
ED,06/01/2011,53.0,53.04,52.69,52.77,1977500.0,44.57,0.0,1.0
ED,06/02/2011,52.78,52.78,52.24,52.68,1319600.0,44.5,0.0,1.0
ED,06/03/2011,52.23,52.6,52.03,52.32,1344500.0,44.19,0.0,1.0
ED,06/06/2011,52.18,52.41,51.91,52.15,1367800.0,44.05,0.0,1.0
ED,06/07/2011,52.19,52.63,52.14,52.3,2064400.0,44.18,0.0,1.0
ED,06/08/2011,52.37,52.61,52.12,52.56,2152200.0,44.4,0.0,1.0
ED,06/09/2011,52.57,52.65,52.25,52.31,1570700.0,44.19,0.0,1.0
ED,06/10/2011,52.24,52.33,51.77,51.83,2057000.0,43.78,0.0,1.0
ED,06/13/2011,51.96,52.32,51.67,52.09,1520900.0,44.0,0.0,1.0
ED,06/14/2011,52.46,52.46,51.9,52.21,1600400.0,44.1,0.0,1.0
ED,06/15/2011,52.06,52.41,51.81,52.05,2214900.0,43.97,0.0,1.0
ED,06/16/2011,52.17,52.69,52.15,52.61,2399600.0,44.44,0.0,1.0
ED,06/17/2011,52.81,53.22,52.72,52.78,2181700.0,44.58,0.0,1.0
ED,06/20/2011,52.63,53.07,52.35,53.01,1118800.0,44.78,0.0,1.0
ED,06/21/2011,53.12,53.25,52.72,52.95,1514800.0,44.73,0.0,1.0
ED,06/22/2011,52.84,52.98,52.51,52.71,1801200.0,44.52,0.0,1.0
ED,06/23/2011,52.32,52.39,51.84,52.24,1940200.0,44.13,0.0,1.0
ED,06/24/2011,52.36,52.79,52.3,52.4,1437100.0,44.26,0.0,1.0
ED,06/27/2011,52.53,52.8,52.53,52.69,853000.0,44.51,0.0,1.0
ED,06/28/2011,52.76,52.98,52.58,52.93,855900.0,44.71,0.0,1.0
ED,06/29/2011,52.93,53.2,52.75,53.1,1335900.0,44.85,0.0,1.0
ED,06/30/2011,53.11,53.31,52.82,53.24,1223000.0,44.97,0.0,1.0
ED,07/01/2011,53.27,54.12,53.27,54.06,1877800.0,45.66,0.0,1.0
ED,07/05/2011,53.9,53.98,53.6,53.69,1242100.0,45.35,0.0,1.0
ED,07/06/2011,53.69,53.93,53.5,53.86,1022600.0,45.5,0.0,1.0
ED,07/07/2011,54.11,54.13,53.76,54.04,1194500.0,45.65,0.0,1.0
ED,07/08/2011,53.69,53.87,53.29,53.56,1655000.0,45.24,0.0,1.0
ED,07/11/2011,53.14,53.35,52.86,53.28,1713900.0,45.01,0.0,1.0
ED,07/12/2011,53.13,53.97,53.09,53.66,1659500.0,45.33,0.0,1.0
ED,07/13/2011,53.85,54.02,53.6,53.71,1810700.0,45.37,0.0,1.0
ED,07/14/2011,53.74,53.8,53.12,53.2,1673900.0,44.94,0.0,1.0
ED,07/15/2011,53.34,53.34,52.85,53.25,1639100.0,44.98,0.0,1.0
ED,07/18/2011,53.08,53.1,52.45,52.53,1360800.0,44.37,0.0,1.0
ED,07/19/2011,52.6,53.18,52.33,53.13,1110900.0,44.88,0.0,1.0
ED,07/20/2011,53.17,53.55,52.95,53.33,795700.0,45.05,0.0,1.0
ED,07/21/2011,53.5,54.08,53.5,53.96,1371200.0,45.58,0.0,1.0
ED,07/22/2011,53.89,53.95,53.54,53.58,1334300.0,45.26,0.0,1.0
ED,07/25/2011,53.27,53.51,53.25,53.31,1424300.0,45.03,0.0,1.0
ED,07/26/2011,53.31,53.38,52.98,53.25,1310800.0,44.98,0.0,1.0
ED,07/27/2011,53.42,53.55,53.01,53.18,1824600.0,44.92,0.0,1.0
ED,07/28/2011,53.1,53.34,52.89,52.97,1393200.0,44.74,0.0,1.0
ED,07/29/2011,52.68,52.94,52.39,52.6,1686600.0,44.43,0.0,1.0
ED,08/01/2011,53.15,53.21,52.56,52.75,2269300.0,44.56,0.0,1.0
ED,08/02/2011,52.62,52.78,52.28,52.28,1722800.0,44.16,0.0,1.0
ED,08/03/2011,52.45,52.91,52.17,52.64,3122700.0,44.46,0.0,1.0
ED,08/04/2011,52.31,52.85,51.69,51.74,4291200.0,43.7,0.0,1.0
ED,08/05/2011,52.79,53.88,52.26,53.27,6137100.0,45.0,0.0,1.0
ED,08/08/2011,51.93,53.27,50.25,50.41,6029400.0,42.58,0.0,1.0
ED,08/09/2011,51.19,51.92,49.18,51.9,6076900.0,43.84,0.0,1.0
ED,08/10/2011,52.07,53.52,51.58,52.07,5667900.0,43.98,0.0,1.0
ED,08/11/2011,52.59,54.58,52.38,54.04,4969700.0,45.65,0.0,1.0
ED,08/12/2011,54.41,54.87,53.48,53.73,3860500.0,45.39,0.0,1.0
ED,08/15/2011,53.56,54.83,53.55,54.79,3593500.0,46.79,0.6,1.0
ED,08/16/2011,54.39,54.63,53.91,54.49,2867300.0,46.53,0.0,1.0
ED,08/17/2011,54.6,55.21,54.41,54.5,2575900.0,46.54,0.0,1.0
ED,08/18/2011,53.54,54.45,53.33,54.37,3964300.0,46.43,0.0,1.0
ED,08/19/2011,54.04,54.78,53.88,54.36,3613000.0,46.42,0.0,1.0
ED,08/22/2011,55.0,55.11,54.35,54.56,3494700.0,46.59,0.0,1.0
ED,08/23/2011,54.68,55.41,54.19,55.38,4109400.0,47.29,0.0,1.0
ED,08/24/2011,55.38,56.96,55.26,56.9,3606500.0,48.59,0.0,1.0
ED,08/25/2011,56.89,56.89,55.97,56.18,3440400.0,47.97,0.0,1.0
ED,08/26/2011,55.76,55.92,54.72,55.59,3530900.0,47.47,0.0,1.0
ED,08/29/2011,56.1,56.51,55.9,56.33,2303900.0,48.1,0.0,1.0
ED,08/30/2011,56.27,56.57,55.98,56.32,2531500.0,48.09,0.0,1.0
ED,08/31/2011,56.51,56.54,55.96,56.21,3181400.0,48.0,0.0,1.0
ED,09/01/2011,56.44,56.44,55.83,55.95,2458800.0,47.78,0.0,1.0
ED,09/02/2011,55.43,56.25,55.36,56.07,3234500.0,47.88,0.0,1.0
ED,09/06/2011,55.04,55.85,54.63,55.78,3937300.0,47.63,0.0,1.0
ED,09/07/2011,56.13,56.17,55.71,56.07,2362800.0,47.88,0.0,1.0
ED,09/08/2011,56.08,56.6,55.87,56.05,4007100.0,47.86,0.0,1.0
ED,09/09/2011,55.85,55.85,54.87,55.12,2677900.0,47.07,0.0,1.0
ED,09/12/2011,54.99,55.78,54.82,55.78,2421200.0,47.63,0.0,1.0
ED,09/13/2011,55.88,56.37,55.47,56.28,2035800.0,48.06,0.0,1.0
ED,09/14/2011,56.5,57.03,55.98,56.55,2433200.0,48.29,0.0,1.0
ED,09/15/2011,57.11,57.21,56.79,57.08,3040000.0,48.74,0.0,1.0
ED,09/16/2011,57.43,57.8,57.13,57.42,2766800.0,49.03,0.0,1.0
ED,09/19/2011,56.85,57.41,56.65,57.25,1614600.0,48.89,0.0,1.0
ED,09/20/2011,57.49,58.79,57.44,58.1,2079500.0,49.61,0.0,1.0
ED,09/21/2011,57.59,58.16,57.19,57.26,2766400.0,48.9,0.0,1.0
ED,09/22/2011,56.19,57.15,56.03,56.9,3618100.0,48.59,0.0,1.0
ED,09/23/2011,56.83,57.01,56.42,56.74,2544800.0,48.45,0.0,1.0
ED,09/26/2011,57.24,57.32,56.42,56.79,2440900.0,48.5,0.0,1.0
ED,09/27/2011,57.36,57.43,56.41,56.6,2619300.0,48.33,0.0,1.0
ED,09/28/2011,56.61,56.93,56.0,56.11,2579500.0,47.91,0.0,1.0
ED,09/29/2011,56.75,57.34,56.58,57.31,2581300.0,48.94,0.0,1.0
ED,09/30/2011,57.06,57.74,57.0,57.02,1984900.0,48.69,0.0,1.0
ED,10/03/2011,56.75,57.61,56.47,56.48,3024300.0,48.23,0.0,1.0
ED,10/04/2011,55.86,56.46,55.02,56.44,3792000.0,48.2,0.0,1.0
ED,10/05/2011,56.44,56.57,54.72,55.15,4804700.0,47.1,0.0,1.0
ED,10/06/2011,55.14,56.16,55.08,56.16,2068600.0,47.96,0.0,1.0
ED,10/07/2011,56.38,56.77,55.93,56.11,1933100.0,47.91,0.0,1.0
ED,10/10/2011,56.48,57.22,56.42,57.22,1740400.0,48.86,0.0,1.0
ED,10/11/2011,57.13,57.17,56.41,56.76,1452100.0,48.47,0.0,1.0
ED,10/12/2011,56.82,56.88,56.37,56.6,1606100.0,48.33,0.0,1.0
ED,10/13/2011,56.5,56.85,56.13,56.66,1187600.0,48.38,0.0,1.0
ED,10/14/2011,56.92,57.6,56.8,57.55,1827500.0,49.14,0.0,1.0
ED,10/17/2011,57.55,58.13,57.47,57.97,2067500.0,49.5,0.0,1.0
ED,10/18/2011,57.81,58.35,57.42,58.02,1933800.0,49.55,0.0,1.0
ED,10/19/2011,57.99,58.85,57.77,57.92,2120100.0,49.46,0.0,1.0
ED,10/20/2011,58.12,58.58,57.9,58.49,2329500.0,49.95,0.0,1.0
ED,10/21/2011,58.99,59.77,58.84,59.76,2310400.0,51.03,0.0,1.0
ED,10/24/2011,59.5,59.84,59.1,59.25,1922700.0,50.6,0.0,1.0
ED,10/25/2011,59.29,59.41,58.13,58.18,2466600.0,49.68,0.0,1.0
ED,10/26/2011,58.9,59.02,58.57,58.82,2115700.0,50.23,0.0,1.0
ED,10/27/2011,59.61,59.89,59.15,59.64,2370300.0,50.93,0.0,1.0
ED,10/28/2011,58.92,59.02,57.71,58.04,3686200.0,49.56,0.0,1.0
ED,10/31/2011,57.98,58.5,57.85,57.87,2085000.0,49.42,0.0,1.0
ED,11/01/2011,57.15,57.67,56.7,57.05,2997200.0,48.72,0.0,1.0
ED,11/02/2011,57.8,58.52,57.79,58.02,1721400.0,49.55,0.0,1.0
ED,11/03/2011,58.38,58.9,58.13,58.75,1840800.0,50.17,0.0,1.0
ED,11/04/2011,57.34,58.75,57.31,58.56,1350900.0,50.01,0.0,1.0
ED,11/07/2011,58.78,59.09,58.37,59.07,1293200.0,50.44,0.0,1.0
ED,11/08/2011,59.16,59.37,58.7,59.35,1681600.0,50.68,0.0,1.0
ED,11/09/2011,58.81,59.33,58.09,58.22,2727200.0,49.72,0.0,1.0
ED,11/10/2011,58.64,58.99,58.26,58.88,1660000.0,50.28,0.0,1.0
ED,11/11/2011,59.32,59.73,59.28,59.64,1733600.0,50.93,0.0,1.0
ED,11/14/2011,58.81,59.12,58.18,58.37,1393600.0,50.36,0.6,1.0
ED,11/15/2011,58.25,58.89,58.15,58.75,1469100.0,50.69,0.0,1.0
ED,11/16/2011,58.29,58.64,57.87,57.97,2041000.0,50.01,0.0,1.0
ED,11/17/2011,57.94,58.33,57.34,57.8,1697200.0,49.87,0.0,1.0
ED,11/18/2011,58.02,58.34,57.95,58.14,1304500.0,50.16,0.0,1.0
ED,11/21/2011,57.8,57.87,57.0,57.49,1383200.0,49.6,0.0,1.0
ED,11/22/2011,57.54,57.65,56.59,56.9,1396200.0,49.09,0.0,1.0
ED,11/23/2011,56.61,56.84,56.07,56.45,1851200.0,48.7,0.0,1.0
ED,11/25/2011,56.52,57.38,56.5,57.16,1060500.0,49.31,0.0,1.0
ED,11/28/2011,57.88,58.18,57.0,57.23,1876800.0,49.37,0.0,1.0
ED,11/29/2011,57.45,58.11,57.4,57.97,1410900.0,50.01,0.0,1.0
ED,11/30/2011,58.75,59.47,58.71,59.42,2228700.0,51.26,0.0,1.0
ED,12/01/2011,59.31,59.8,59.12,59.51,1432900.0,51.34,0.0,1.0
ED,12/02/2011,59.72,59.8,58.55,58.61,1973500.0,50.56,0.0,1.0
ED,12/05/2011,59.15,59.46,58.66,58.9,1443600.0,50.81,0.0,1.0
ED,12/06/2011,59.04,59.25,58.84,59.01,1477800.0,50.91,0.0,1.0
ED,12/07/2011,58.97,59.08,58.59,58.71,1769500.0,50.65,0.0,1.0
ED,12/08/2011,58.74,58.96,58.26,58.37,1798700.0,50.36,0.0,1.0
ED,12/09/2011,58.67,59.3,58.66,59.24,1679900.0,51.11,0.0,1.0
ED,12/12/2011,59.18,59.24,58.45,58.82,1448900.0,50.75,0.0,1.0
ED,12/13/2011,58.89,59.63,58.8,59.14,1567900.0,51.02,0.0,1.0
ED,12/14/2011,59.25,59.36,58.75,58.8,1361600.0,50.73,0.0,1.0
ED,12/15/2011,59.28,59.93,59.19,59.77,2349500.0,51.57,0.0,1.0
ED,12/16/2011,59.89,60.15,59.45,59.78,2850600.0,51.57,0.0,1.0
ED,12/19/2011,59.81,60.08,59.37,59.6,1607300.0,51.42,0.0,1.0
ED,12/20/2011,59.92,60.87,59.5,60.8,2140400.0,52.45,0.0,1.0
ED,12/21/2011,60.8,61.88,60.77,61.74,2444500.0,53.26,0.0,1.0
ED,12/22/2011,61.65,61.76,61.28,61.62,1427200.0,53.16,0.0,1.0
ED,12/23/2011,61.8,62.19,61.69,61.98,1110600.0,53.47,0.0,1.0
ED,12/27/2011,61.98,62.55,61.84,62.5,852100.0,53.92,0.0,1.0
ED,12/28/2011,62.5,62.55,62.14,62.19,879400.0,53.65,0.0,1.0
ED,12/29/2011,62.19,62.67,62.19,62.59,935900.0,54.0,0.0,1.0
ED,12/30/2011,62.67,62.74,62.01,62.03,1189400.0,53.51,0.0,1.0
ED,01/03/2012,62.1,62.26,60.48,60.65,2927000.0,52.32,0.0,1.0
ED,01/04/2012,60.58,60.86,59.82,59.9,2735900.0,51.68,0.0,1.0
ED,01/05/2012,59.34,60.19,59.02,59.74,3182700.0,51.54,0.0,1.0
ED,01/06/2012,59.8,59.95,58.95,59.1,2693600.0,50.99,0.0,1.0
ED,01/09/2012,59.32,59.41,59.08,59.27,1310700.0,51.13,0.0,1.0
ED,01/10/2012,58.87,59.79,58.81,59.34,2063600.0,51.19,0.0,1.0
ED,01/11/2012,59.1,59.5,58.96,59.18,1872900.0,51.06,0.0,1.0
ED,01/12/2012,59.37,59.37,58.9,58.98,1687700.0,50.88,0.0,1.0
ED,01/13/2012,58.69,59.22,58.34,59.18,1760800.0,51.06,0.0,1.0
ED,01/17/2012,59.55,59.91,59.22,59.34,1749800.0,51.19,0.0,1.0
ED,01/18/2012,59.34,59.49,59.05,59.28,1407300.0,51.14,0.0,1.0
ED,01/19/2012,59.24,59.34,58.58,58.74,2217500.0,50.68,0.0,1.0
ED,01/20/2012,58.71,58.99,58.32,58.76,1812000.0,50.69,0.0,1.0
ED,01/23/2012,58.75,58.98,58.55,58.62,1672600.0,50.57,0.0,1.0
ED,01/24/2012,58.52,58.58,58.15,58.38,1294200.0,50.37,0.0,1.0
ED,01/25/2012,58.17,59.47,57.59,59.37,3038000.0,51.22,0.0,1.0
ED,01/26/2012,59.34,59.8,59.34,59.77,2422500.0,51.57,0.0,1.0
ED,01/27/2012,59.9,59.9,58.79,58.89,1516000.0,50.81,0.0,1.0
ED,01/30/2012,58.71,58.74,58.28,58.64,6204500.0,50.59,0.0,1.0
ED,01/31/2012,58.88,59.15,58.67,58.96,1638500.0,50.87,0.0,1.0
ED,02/01/2012,59.09,59.39,58.92,59.01,1573400.0,50.91,0.0,1.0
ED,02/02/2012,59.07,59.16,58.67,58.87,1326400.0,50.79,0.0,1.0
ED,02/03/2012,59.13,59.34,58.51,58.82,1619400.0,50.75,0.0,1.0
ED,02/06/2012,58.7,58.96,58.58,58.8,1079100.0,50.73,0.0,1.0
ED,02/07/2012,58.71,59.31,58.55,59.13,1353600.0,51.01,0.0,1.0
ED,02/08/2012,59.27,59.45,58.84,59.39,1872400.0,51.24,0.0,1.0
ED,02/09/2012,59.3,59.51,59.16,59.47,5823300.0,51.31,0.0,1.0
ED,02/10/2012,59.33,59.44,59.0,59.13,1920300.0,51.01,0.0,1.0
ED,02/13/2012,58.77,58.81,57.87,57.91,1965800.0,50.48,0.6,1.0
ED,02/14/2012,57.89,58.12,57.63,57.97,2244500.0,50.53,0.0,1.0
ED,02/15/2012,57.92,58.01,57.46,57.65,1707500.0,50.26,0.0,1.0
ED,02/16/2012,57.69,58.3,57.69,57.9,1576100.0,50.47,0.0,1.0
ED,02/17/2012,58.09,58.18,57.85,57.87,1678700.0,50.45,0.0,1.0
ED,02/21/2012,57.97,58.15,57.77,57.86,1326900.0,50.44,0.0,1.0
ED,02/22/2012,57.75,58.14,57.71,57.86,1568600.0,50.44,0.0,1.0
ED,02/23/2012,57.85,58.09,57.7,57.96,1891500.0,50.53,0.0,1.0
ED,02/24/2012,58.01,58.86,57.97,58.84,2395500.0,51.29,0.0,1.0
ED,02/27/2012,58.57,58.95,58.28,58.43,1528700.0,50.94,0.0,1.0
ED,02/28/2012,58.44,58.64,58.03,58.11,1377900.0,50.66,0.0,1.0
ED,02/29/2012,58.16,58.48,57.8,58.1,2060400.0,50.65,0.0,1.0
ED,03/01/2012,58.05,58.5,57.97,58.29,1381800.0,50.81,0.0,1.0
ED,03/02/2012,58.29,58.5,57.98,58.31,877400.0,50.83,0.0,1.0
ED,03/05/2012,58.15,58.5,57.89,58.39,1160500.0,50.9,0.0,1.0
ED,03/06/2012,58.06,58.38,57.81,58.35,1614500.0,50.87,0.0,1.0
ED,03/07/2012,58.3,58.33,57.9,58.15,2738500.0,50.69,0.0,1.0
ED,03/08/2012,58.21,58.42,58.08,58.32,983900.0,50.84,0.0,1.0
ED,03/09/2012,58.47,58.47,58.06,58.39,965800.0,50.9,0.0,1.0
ED,03/12/2012,58.47,59.27,58.38,59.21,1487000.0,51.62,0.0,1.0
ED,03/13/2012,59.3,59.47,59.0,59.4,1230200.0,51.78,0.0,1.0
ED,03/14/2012,59.39,59.5,58.49,58.59,1589800.0,51.08,0.0,1.0
ED,03/15/2012,58.78,58.85,57.93,58.08,2303600.0,50.63,0.0,1.0
ED,03/16/2012,58.06,58.06,57.41,57.62,2883600.0,50.23,0.0,1.0
ED,03/19/2012,57.54,57.9,57.35,57.42,1411700.0,50.06,0.0,1.0
ED,03/20/2012,57.25,57.69,57.25,57.54,1338400.0,50.16,0.0,1.0
ED,03/21/2012,57.47,57.66,57.21,57.32,933200.0,49.97,0.0,1.0
ED,03/22/2012,57.17,57.43,56.99,57.26,1486200.0,49.92,0.0,1.0
ED,03/23/2012,57.12,57.29,57.01,57.13,1299200.0,49.8,0.0,1.0
ED,03/26/2012,57.26,57.7,57.24,57.58,1213400.0,50.19,0.0,1.0
ED,03/27/2012,57.56,57.83,57.37,57.81,1427100.0,50.4,0.0,1.0
ED,03/28/2012,57.73,57.99,57.4,57.65,1676800.0,50.26,0.0,1.0
ED,03/29/2012,57.41,58.12,57.32,58.0,2005300.0,50.56,0.0,1.0
ED,03/30/2012,58.27,58.44,58.02,58.42,1586000.0,50.93,0.0,1.0
ED,04/02/2012,58.26,58.74,58.1,58.55,1750600.0,51.04,0.0,1.0
ED,04/03/2012,58.61,58.76,58.34,58.75,1910100.0,51.21,0.0,1.0
ED,04/04/2012,58.47,58.77,58.34,58.65,1605700.0,51.13,0.0,1.0
ED,04/05/2012,58.45,58.47,57.83,58.18,1310700.0,50.72,0.0,1.0
ED,04/09/2012,57.64,57.95,57.64,57.76,1448100.0,50.35,0.0,1.0
ED,04/10/2012,57.51,57.64,57.01,57.14,1855100.0,49.81,0.0,1.0
ED,04/11/2012,57.44,57.57,57.14,57.39,1536300.0,50.03,0.0,1.0
ED,04/12/2012,57.59,57.99,57.31,57.87,1968600.0,50.45,0.0,1.0
ED,04/13/2012,57.86,58.41,57.71,57.75,1651400.0,50.34,0.0,1.0
ED,04/16/2012,57.91,58.46,57.79,58.22,1326000.0,50.75,0.0,1.0
ED,04/17/2012,58.45,58.56,57.75,58.22,1579000.0,50.75,0.0,1.0
ED,04/18/2012,58.09,58.28,57.81,58.01,1611200.0,50.57,0.0,1.0
ED,04/19/2012,58.07,58.07,57.65,57.9,1672800.0,50.47,0.0,1.0
ED,04/20/2012,57.96,58.65,57.82,58.61,1872100.0,51.09,0.0,1.0
ED,04/23/2012,58.41,58.43,58.17,58.33,1253100.0,50.85,0.0,1.0
ED,04/24/2012,58.35,58.79,58.3,58.73,968300.0,51.2,0.0,1.0
ED,04/25/2012,58.96,59.07,58.65,59.02,1335300.0,51.45,0.0,1.0
ED,04/26/2012,59.01,59.34,58.76,59.29,1107100.0,51.69,0.0,1.0
ED,04/27/2012,59.34,59.4,59.0,59.31,1160600.0,51.7,0.0,1.0
ED,04/30/2012,59.23,59.5,58.97,59.45,4578400.0,51.82,0.0,1.0
ED,05/01/2012,59.36,59.79,59.18,59.66,964900.0,52.01,0.0,1.0
ED,05/02/2012,59.59,59.64,59.24,59.31,1268700.0,51.7,0.0,1.0
ED,05/03/2012,59.41,59.73,59.16,59.16,1195500.0,51.57,0.0,1.0
ED,05/04/2012,59.0,59.7,59.0,59.38,1241300.0,51.76,0.0,1.0
ED,05/07/2012,59.15,59.32,58.89,59.14,1108900.0,51.55,0.0,1.0
ED,05/08/2012,59.0,59.75,58.99,59.7,1235400.0,52.04,0.0,1.0
ED,05/09/2012,59.32,59.77,59.25,59.47,1355500.0,51.84,0.0,1.0
ED,05/10/2012,59.75,60.19,59.61,60.02,1288900.0,52.32,0.0,1.0
ED,05/11/2012,59.9,60.25,59.68,59.81,1187600.0,52.14,0.0,1.0
ED,05/14/2012,58.82,59.23,58.66,59.02,1028600.0,51.98,0.6,1.0
ED,05/15/2012,58.95,59.09,58.55,58.75,1061500.0,51.74,0.0,1.0
ED,05/16/2012,58.72,58.96,58.43,58.83,1110600.0,51.81,0.0,1.0
ED,05/17/2012,58.8,58.96,58.39,58.56,1018800.0,51.57,0.0,1.0
ED,05/18/2012,58.78,59.01,58.52,58.67,1467400.0,51.67,0.0,1.0
ED,05/21/2012,58.76,59.33,58.35,58.81,1164800.0,51.79,0.0,1.0
ED,05/22/2012,58.87,59.17,58.79,59.03,1356600.0,51.99,0.0,1.0
ED,05/23/2012,59.0,59.52,58.98,59.23,1939200.0,52.16,0.0,1.0
ED,05/24/2012,59.38,59.82,59.24,59.59,1059500.0,52.48,0.0,1.0
ED,05/25/2012,59.68,59.99,59.51,59.61,980100.0,52.5,0.0,1.0
ED,05/29/2012,59.85,59.96,59.66,59.96,957900.0,52.81,0.0,1.0
ED,05/30/2012,59.76,60.65,59.74,60.1,1608600.0,52.93,0.0,1.0
ED,05/31/2012,60.15,60.63,60.05,60.36,1721800.0,53.16,0.0,1.0
ED,06/01/2012,59.97,60.78,59.97,60.29,1918600.0,53.1,0.0,1.0
ED,06/04/2012,60.34,60.73,60.17,60.7,1290900.0,53.46,0.0,1.0
ED,06/05/2012,60.56,60.98,60.47,60.55,1359700.0,53.32,0.0,1.0
ED,06/06/2012,60.8,61.27,60.59,61.27,1240700.0,53.96,0.0,1.0
ED,06/07/2012,61.58,61.84,61.43,61.67,2939900.0,54.31,0.0,1.0
ED,06/08/2012,61.72,62.24,61.62,62.24,1308500.0,54.81,0.0,1.0
ED,06/11/2012,62.48,62.48,61.74,61.78,1686800.0,54.41,0.0,1.0
ED,06/12/2012,61.84,62.23,61.62,62.18,1652500.0,54.76,0.0,1.0
ED,06/13/2012,62.24,62.48,61.87,62.35,1167100.0,54.91,0.0,1.0
ED,06/14/2012,62.3,62.63,62.19,62.58,1238800.0,55.11,0.0,1.0
ED,06/15/2012,62.81,63.28,62.71,63.1,2181200.0,55.57,0.0,1.0
ED,06/18/2012,63.19,63.6,63.02,63.48,1462800.0,55.91,0.0,1.0
ED,06/19/2012,63.63,63.64,62.7,62.79,2003800.0,55.3,0.0,1.0
ED,06/20/2012,62.53,62.71,61.32,61.5,2848800.0,54.16,0.0,1.0
ED,06/21/2012,61.8,62.12,61.23,61.28,1865400.0,53.97,0.0,1.0
ED,06/22/2012,61.5,61.77,61.14,61.5,4610800.0,54.16,0.0,1.0
ED,06/25/2012,61.25,61.46,60.93,61.24,1522100.0,53.93,0.0,1.0
ED,06/26/2012,61.33,61.51,61.16,61.25,1107300.0,53.94,0.0,1.0
ED,06/27/2012,61.36,61.98,61.34,61.84,1479000.0,54.46,0.0,1.0
ED,06/28/2012,61.26,62.09,61.26,62.07,1252400.0,54.66,0.0,1.0
ED,06/29/2012,62.35,62.64,61.88,62.19,2010200.0,54.77,0.0,1.0
ED,07/02/2012,62.24,62.78,62.19,62.72,1248500.0,55.24,0.0,1.0
ED,07/03/2012,62.64,62.79,62.29,62.57,744800.0,55.1,0.0,1.0
ED,07/05/2012,62.47,62.47,62.02,62.09,796700.0,54.68,0.0,1.0
ED,07/06/2012,61.73,62.28,61.59,62.14,887200.0,54.73,0.0,1.0
ED,07/09/2012,62.1,62.52,61.99,62.34,958100.0,54.9,0.0,1.0
ED,07/10/2012,62.49,62.82,62.38,62.53,1301600.0,55.07,0.0,1.0
ED,07/11/2012,62.54,62.97,62.39,62.88,1134200.0,55.38,0.0,1.0
ED,07/12/2012,62.68,63.05,62.56,62.87,1233100.0,55.37,0.0,1.0
ED,07/13/2012,62.84,63.44,62.82,63.42,1085000.0,55.85,0.0,1.0
ED,07/16/2012,63.22,63.32,63.05,63.14,854000.0,55.61,0.0,1.0
ED,07/17/2012,63.28,63.58,63.08,63.41,994800.0,55.84,0.0,1.0
ED,07/18/2012,63.3,63.6,63.2,63.5,1136200.0,55.92,0.0,1.0
ED,07/19/2012,63.4,63.46,62.79,63.36,972600.0,55.8,0.0,1.0
ED,07/20/2012,63.35,64.0,63.16,63.77,2464300.0,56.16,0.0,1.0
ED,07/23/2012,63.41,63.95,63.33,63.56,1013900.0,55.98,0.0,1.0
ED,07/24/2012,63.66,63.75,63.2,63.58,1532300.0,55.99,0.0,1.0
ED,07/25/2012,63.77,63.92,63.27,63.48,1712200.0,55.91,0.0,1.0
ED,07/26/2012,63.85,64.54,63.79,64.42,1393200.0,56.73,0.0,1.0
ED,07/27/2012,64.66,65.35,64.6,64.9,1630900.0,57.16,0.0,1.0
ED,07/30/2012,64.78,65.1,64.5,64.94,1320100.0,57.19,0.0,1.0
ED,07/31/2012,64.99,65.21,64.46,64.5,1216400.0,56.8,0.0,1.0
ED,08/01/2012,64.7,65.98,64.35,64.4,1069000.0,56.72,0.0,1.0
ED,08/02/2012,64.1,64.34,63.61,64.25,1248100.0,56.58,0.0,1.0
ED,08/03/2012,64.92,65.04,64.0,64.66,2339500.0,56.94,0.0,1.0
ED,08/06/2012,64.81,65.01,64.53,64.55,1159100.0,56.85,0.0,1.0
ED,08/07/2012,64.75,64.81,64.26,64.3,1336800.0,56.63,0.0,1.0
ED,08/08/2012,64.37,64.42,63.66,63.89,1365300.0,56.27,0.0,1.0
ED,08/09/2012,63.96,64.14,63.53,63.59,972700.0,56.0,0.0,1.0
ED,08/10/2012,63.64,63.95,63.42,63.87,1027400.0,56.25,0.0,1.0
ED,08/13/2012,63.46,63.51,63.19,63.29,1023400.0,56.27,0.6,1.0
ED,08/14/2012,63.3,63.54,63.06,63.2,949800.0,56.19,0.0,1.0
ED,08/15/2012,63.2,63.22,62.63,62.68,1358500.0,55.73,0.0,1.0
ED,08/16/2012,62.62,62.73,61.69,61.8,3376100.0,54.95,0.0,1.0
ED,08/17/2012,61.9,62.1,61.64,61.68,1722700.0,54.84,0.0,1.0
ED,08/20/2012,61.56,61.98,61.45,61.96,1099500.0,55.09,0.0,1.0
ED,08/21/2012,61.91,62.06,61.39,61.39,1122000.0,54.58,0.0,1.0
ED,08/22/2012,61.2,61.76,61.2,61.61,1262500.0,54.78,0.0,1.0
ED,08/23/2012,61.58,61.6,60.88,60.99,890600.0,54.23,0.0,1.0
ED,08/24/2012,60.96,61.47,60.92,61.42,635700.0,54.61,0.0,1.0
ED,08/27/2012,61.36,61.55,61.19,61.24,864700.0,54.45,0.0,1.0
ED,08/28/2012,61.14,61.38,61.03,61.2,684800.0,54.41,0.0,1.0
ED,08/29/2012,61.08,61.21,60.76,60.78,918400.0,54.04,0.0,1.0
ED,08/30/2012,60.67,60.9,60.46,60.76,772000.0,54.02,0.0,1.0
ED,08/31/2012,60.91,60.96,60.41,60.62,1073200.0,53.9,0.0,1.0
ED,09/04/2012,60.64,61.02,60.51,60.88,965400.0,54.13,0.0,1.0
ED,09/05/2012,60.99,60.99,60.3,60.33,1139200.0,53.64,0.0,1.0
ED,09/06/2012,60.65,61.09,60.6,61.06,997700.0,54.29,0.0,1.0
ED,09/07/2012,61.06,61.08,60.54,60.63,851300.0,53.91,0.0,1.0
ED,09/10/2012,60.88,60.88,60.42,60.49,927700.0,53.78,0.0,1.0
ED,09/11/2012,60.48,60.52,60.31,60.31,675100.0,53.62,0.0,1.0
ED,09/12/2012,60.43,60.45,60.06,60.18,1187100.0,53.51,0.0,1.0
ED,09/13/2012,60.04,60.99,60.04,60.99,1214300.0,54.23,0.0,1.0
ED,09/14/2012,60.86,60.97,59.61,59.81,2213900.0,53.18,0.0,1.0
ED,09/17/2012,59.88,60.31,59.4,59.61,2167600.0,53.0,0.0,1.0
ED,09/18/2012,59.53,59.74,59.25,59.48,1475600.0,52.88,0.0,1.0
ED,09/19/2012,59.62,59.78,59.36,59.46,1187000.0,52.87,0.0,1.0
ED,09/20/2012,59.34,59.74,59.33,59.48,1418900.0,52.88,0.0,1.0
ED,09/21/2012,59.59,59.63,59.07,59.1,2627000.0,52.55,0.0,1.0
ED,09/24/2012,59.05,59.61,59.01,59.48,1659900.0,52.88,0.0,1.0
ED,09/25/2012,59.57,59.82,59.37,59.46,1470800.0,52.87,0.0,1.0
ED,09/26/2012,59.5,60.37,59.5,60.09,2433800.0,53.43,0.0,1.0
ED,09/27/2012,60.15,60.15,59.54,59.58,1463100.0,52.97,0.0,1.0
ED,09/28/2012,59.45,59.97,59.32,59.89,1518200.0,53.25,0.0,1.0
ED,10/01/2012,59.96,60.02,59.41,59.48,1198500.0,52.88,0.0,1.0
ED,10/02/2012,59.15,59.75,59.15,59.65,1553200.0,53.03,0.0,1.0
ED,10/03/2012,59.7,60.11,59.63,59.76,1523800.0,53.13,0.0,1.0
ED,10/04/2012,60.14,60.53,60.08,60.43,1903200.0,53.73,0.0,1.0
ED,10/05/2012,60.72,60.72,60.09,60.22,1247300.0,53.54,0.0,1.0
ED,10/08/2012,60.17,60.48,59.92,60.14,773400.0,53.47,0.0,1.0
ED,10/09/2012,60.12,60.29,59.7,59.95,1191600.0,53.3,0.0,1.0
ED,10/10/2012,59.81,60.16,59.69,60.07,1127100.0,53.41,0.0,1.0
ED,10/11/2012,60.18,60.51,59.91,60.17,1048400.0,53.5,0.0,1.0
ED,10/12/2012,60.34,60.57,59.73,59.83,975600.0,53.19,0.0,1.0
ED,10/15/2012,59.93,59.96,59.4,59.82,988600.0,53.19,0.0,1.0
ED,10/16/2012,59.9,59.99,59.56,59.81,1173000.0,53.18,0.0,1.0
ED,10/17/2012,59.9,60.77,59.8,60.61,1207100.0,53.89,0.0,1.0
ED,10/18/2012,60.69,60.83,60.33,60.73,901000.0,53.99,0.0,1.0
ED,10/19/2012,60.57,60.72,60.28,60.47,2315200.0,53.76,0.0,1.0
ED,10/22/2012,60.31,60.43,59.7,59.9,1065800.0,53.26,0.0,1.0
ED,10/23/2012,59.61,59.85,59.35,59.7,1366100.0,53.08,0.0,1.0
ED,10/24/2012,59.89,59.89,59.5,59.57,1141900.0,52.96,0.0,1.0
ED,10/25/2012,59.69,60.01,59.56,60.01,1276700.0,53.35,0.0,1.0
ED,10/26/2012,60.09,60.16,59.71,59.97,1113600.0,53.32,0.0,1.0
ED,10/31/2012,59.67,60.56,59.01,60.38,1514300.0,53.68,0.0,1.0
ED,11/01/2012,60.44,60.47,59.5,59.73,1384500.0,53.11,0.0,1.0
ED,11/02/2012,59.98,60.06,59.1,59.2,1045300.0,52.63,0.0,1.0
ED,11/05/2012,59.1,59.17,57.77,58.0,3104300.0,51.57,0.0,1.0
ED,11/06/2012,58.11,58.71,57.68,57.76,2114600.0,51.35,0.0,1.0
ED,11/07/2012,57.48,57.54,55.8,56.26,3708600.0,50.02,0.0,1.0
ED,11/08/2012,56.37,57.44,56.37,56.42,2164500.0,50.16,0.0,1.0
ED,11/09/2012,55.91,56.15,55.53,55.74,2030800.0,50.1,0.6,1.0
ED,11/12/2012,55.52,55.75,54.87,55.12,1902400.0,49.54,0.0,1.0
ED,11/13/2012,54.86,55.71,54.86,55.19,1690900.0,49.6,0.0,1.0
ED,11/14/2012,55.28,55.4,54.86,55.23,1896400.0,49.64,0.0,1.0
ED,11/15/2012,55.21,55.5,54.2,54.43,2821300.0,48.92,0.0,1.0
ED,11/16/2012,54.36,54.99,54.36,54.98,2109700.0,49.41,0.0,1.0
ED,11/19/2012,55.18,55.27,54.44,54.75,1479500.0,49.21,0.0,1.0
ED,11/20/2012,54.8,54.8,54.17,54.43,1152100.0,48.92,0.0,1.0
ED,11/21/2012,54.45,54.55,53.63,54.21,1640500.0,48.72,0.0,1.0
ED,11/23/2012,54.27,54.28,53.68,54.1,764700.0,48.62,0.0,1.0
ED,11/26/2012,54.0,55.22,53.98,54.88,2268600.0,49.32,0.0,1.0
ED,11/27/2012,54.97,55.26,54.68,54.84,1482100.0,49.29,0.0,1.0
ED,11/28/2012,54.8,55.44,54.5,55.37,1831800.0,49.76,0.0,1.0
ED,11/29/2012,55.46,55.48,55.0,55.44,1087900.0,49.83,0.0,1.0
ED,11/30/2012,55.45,55.79,55.2,55.79,2118500.0,50.14,0.0,1.0
ED,12/03/2012,55.8,55.8,54.98,55.27,1398300.0,49.67,0.0,1.0
ED,12/04/2012,55.28,55.5,55.2,55.36,1826100.0,49.75,0.0,1.0
ED,12/05/2012,55.36,56.32,55.29,56.08,1703200.0,50.4,0.0,1.0
ED,12/06/2012,56.07,56.35,55.82,56.11,1689100.0,50.43,0.0,1.0
ED,12/07/2012,56.1,56.3,55.76,56.03,1581200.0,50.36,0.0,1.0
ED,12/10/2012,56.01,56.23,55.89,56.07,1079900.0,50.39,0.0,1.0
ED,12/11/2012,56.22,56.84,56.08,56.36,1802500.0,50.65,0.0,1.0
ED,12/12/2012,56.41,56.81,56.26,56.34,2241300.0,50.64,0.0,1.0
ED,12/13/2012,56.25,56.4,55.76,55.96,1205500.0,50.29,0.0,1.0
ED,12/14/2012,55.78,56.14,55.61,56.12,1761100.0,50.44,0.0,1.0
ED,12/17/2012,56.42,57.01,56.25,56.98,2676700.0,51.21,0.0,1.0
ED,12/18/2012,56.98,57.55,56.89,57.19,2088200.0,51.4,0.0,1.0
ED,12/19/2012,57.14,57.18,56.32,56.4,1650800.0,50.69,0.0,1.0
ED,12/20/2012,56.45,56.55,56.13,56.44,1434500.0,50.73,0.0,1.0
ED,12/21/2012,56.18,56.41,55.68,56.05,4522400.0,50.37,0.0,1.0
ED,12/24/2012,56.01,56.11,55.56,55.97,756000.0,50.3,0.0,1.0
ED,12/26/2012,56.05,56.19,55.42,55.46,947300.0,49.84,0.0,1.0
ED,12/27/2012,55.35,55.58,54.93,55.42,1355500.0,49.81,0.0,1.0
ED,12/28/2012,55.2,55.55,54.91,54.93,1645100.0,49.37,0.0,1.0
ED,12/31/2012,54.8,55.59,54.51,55.54,1942000.0,49.92,0.0,1.0
ED,01/02/2013,56.2,56.64,56.15,56.59,1789700.0,50.86,0.0,1.0
ED,01/03/2013,56.57,56.85,56.45,56.58,1358700.0,50.85,0.0,1.0
ED,01/04/2013,56.69,56.94,56.58,56.9,1520700.0,51.14,0.0,1.0
ED,01/07/2013,56.75,56.86,56.3,56.35,1310400.0,50.64,0.0,1.0
ED,01/08/2013,56.23,56.38,55.82,56.03,2091300.0,50.36,0.0,1.0
ED,01/09/2013,56.17,56.17,55.79,56.11,1756800.0,50.43,0.0,1.0
ED,01/10/2013,56.32,56.41,55.87,56.09,1928500.0,50.41,0.0,1.0
ED,01/11/2013,56.21,56.25,55.72,55.91,1531600.0,50.25,0.0,1.0
ED,01/14/2013,56.0,56.06,55.71,55.74,1388800.0,50.1,0.0,1.0
ED,01/15/2013,55.16,55.41,54.95,55.34,3054400.0,49.74,0.0,1.0
ED,01/16/2013,55.46,55.76,55.19,55.31,1802900.0,49.71,0.0,1.0
ED,01/17/2013,55.54,55.57,55.24,55.28,1484800.0,49.68,0.0,1.0
ED,01/18/2013,55.24,55.78,55.17,55.78,2388000.0,50.13,0.0,1.0
ED,01/22/2013,55.74,56.09,55.6,56.03,1544200.0,50.36,0.0,1.0
ED,01/23/2013,56.07,56.08,55.67,56.02,1656200.0,50.35,0.0,1.0
ED,01/24/2013,56.12,56.47,55.97,56.34,1691000.0,50.64,0.0,1.0
ED,01/25/2013,56.33,56.56,56.02,56.51,1734400.0,50.79,0.0,1.0
ED,01/28/2013,56.39,56.53,56.0,56.47,1505000.0,50.75,0.0,1.0
ED,01/29/2013,56.37,57.06,56.31,56.96,1359300.0,51.19,0.0,1.0
ED,01/30/2013,57.04,57.04,56.65,56.78,965300.0,51.03,0.0,1.0
ED,01/31/2013,56.71,57.04,56.65,56.88,1417900.0,51.12,0.0,1.0
ED,02/01/2013,57.11,57.11,56.66,57.05,1844900.0,51.27,0.0,1.0
ED,02/04/2013,56.85,57.02,56.8,56.86,1327800.0,51.1,0.0,1.0
ED,02/05/2013,57.0,57.23,56.7,56.74,1610300.0,50.99,0.0,1.0
ED,02/06/2013,56.68,56.91,56.44,56.83,1445900.0,51.08,0.0,1.0
ED,02/07/2013,56.94,57.29,56.71,57.09,1817000.0,51.31,0.0,1.0
ED,02/08/2013,57.12,57.2,56.86,57.15,1482500.0,51.36,0.0,1.0
ED,02/11/2013,56.56,56.75,56.49,56.59,845600.0,51.41,0.61,1.0
ED,02/12/2013,56.72,56.72,56.29,56.56,1568200.0,51.39,0.0,1.0
ED,02/13/2013,56.58,56.79,56.47,56.62,1193600.0,51.44,0.0,1.0
ED,02/14/2013,56.46,56.76,56.26,56.36,1558800.0,51.2,0.0,1.0
ED,02/15/2013,56.5,56.73,56.3,56.58,1701000.0,51.4,0.0,1.0
ED,02/19/2013,56.65,57.1,56.6,57.0,1299100.0,51.79,0.0,1.0
ED,02/20/2013,57.0,57.59,56.9,57.19,1365300.0,51.96,0.0,1.0
ED,02/21/2013,57.05,57.46,57.05,57.4,1707000.0,52.15,0.0,1.0
ED,02/22/2013,57.55,58.49,57.51,58.48,2490600.0,53.13,0.0,1.0
ED,02/25/2013,58.59,58.99,57.92,57.94,2322000.0,52.64,0.0,1.0
ED,02/26/2013,58.21,58.72,58.08,58.22,1697400.0,52.89,0.0,1.0
ED,02/27/2013,58.18,58.72,58.17,58.57,1205500.0,53.21,0.0,1.0
ED,02/28/2013,58.66,59.2,58.51,59.0,1682400.0,53.6,0.0,1.0
ED,03/01/2013,58.95,59.04,58.55,59.02,1341700.0,53.62,0.0,1.0
ED,03/04/2013,58.99,59.47,58.8,59.4,1354000.0,53.97,0.0,1.0
ED,03/05/2013,59.5,59.9,59.41,59.58,1473300.0,54.13,0.0,1.0
ED,03/06/2013,59.58,59.79,59.25,59.25,1389500.0,53.83,0.0,1.0
ED,03/07/2013,59.3,59.54,58.98,58.98,1186400.0,53.58,0.0,1.0
ED,03/08/2013,59.03,59.1,58.33,58.95,1263700.0,53.56,0.0,1.0
ED,03/11/2013,58.92,59.06,58.75,59.05,888800.0,53.65,0.0,1.0
ED,03/12/2013,59.08,59.13,58.62,58.87,1164000.0,53.48,0.0,1.0
ED,03/13/2013,58.88,59.0,58.7,58.77,1057200.0,53.39,0.0,1.0
ED,03/14/2013,58.79,58.83,58.51,58.8,1438400.0,53.42,0.0,1.0
ED,03/15/2013,58.73,59.17,58.6,59.17,2843000.0,53.76,0.0,1.0
ED,03/18/2013,58.77,59.04,58.62,58.67,1199900.0,53.3,0.0,1.0
ED,03/19/2013,58.78,59.03,58.6,58.96,1017600.0,53.57,0.0,1.0
ED,03/20/2013,59.15,59.25,58.93,59.16,822300.0,53.75,0.0,1.0
ED,03/21/2013,59.03,59.16,58.78,58.91,1009400.0,53.52,0.0,1.0
ED,03/22/2013,58.92,59.34,58.85,59.09,889100.0,53.68,0.0,1.0
ED,03/25/2013,59.24,59.48,58.85,59.1,1470700.0,53.69,0.0,1.0
ED,03/26/2013,59.28,59.7,59.2,59.66,1171100.0,54.2,0.0,1.0
ED,03/27/2013,59.46,60.18,59.25,60.11,1537300.0,54.61,0.0,1.0
ED,03/28/2013,60.21,61.13,60.05,61.03,2158900.0,55.45,0.0,1.0
ED,04/01/2013,60.93,61.0,60.63,60.71,1182000.0,55.16,0.0,1.0
ED,04/02/2013,60.76,61.22,60.44,60.51,1686900.0,54.97,0.0,1.0
ED,04/03/2013,60.53,60.94,60.52,60.68,1442700.0,55.13,0.0,1.0
ED,04/04/2013,60.77,61.28,60.7,61.23,1325800.0,55.63,0.0,1.0
ED,04/05/2013,60.91,61.33,60.86,61.31,1019500.0,55.7,0.0,1.0
ED,04/08/2013,61.2,61.48,60.91,61.48,1027500.0,55.86,0.0,1.0
ED,04/09/2013,61.45,61.77,61.15,61.49,1650500.0,55.86,0.0,1.0
ED,04/10/2013,61.41,61.86,61.41,61.77,1298000.0,56.12,0.0,1.0
ED,04/11/2013,61.8,61.97,61.61,61.73,1044000.0,56.08,0.0,1.0
ED,04/12/2013,61.64,62.12,61.58,61.91,1317500.0,56.25,0.0,1.0
ED,04/15/2013,61.84,62.12,61.27,61.27,1402500.0,55.66,0.0,1.0
ED,04/16/2013,61.39,61.64,60.85,61.53,1316000.0,55.9,0.0,1.0
ED,04/17/2013,61.38,61.56,61.02,61.34,1567900.0,55.73,0.0,1.0
ED,04/18/2013,61.58,61.75,61.14,61.44,1457500.0,55.82,0.0,1.0
ED,04/19/2013,61.63,62.55,61.54,62.48,1429600.0,56.76,0.0,1.0
ED,04/22/2013,62.45,62.6,62.12,62.37,957900.0,56.66,0.0,1.0
ED,04/23/2013,62.46,62.58,61.99,62.5,1001200.0,56.78,0.0,1.0
ED,04/24/2013,62.61,63.0,62.21,62.77,1077200.0,57.03,0.0,1.0
ED,04/25/2013,62.82,63.05,62.56,62.99,1179600.0,57.23,0.0,1.0
ED,04/26/2013,62.9,63.23,62.77,62.84,919400.0,57.09,0.0,1.0
ED,04/29/2013,63.04,63.81,62.88,63.63,1051000.0,57.81,0.0,1.0
ED,04/30/2013,63.5,63.65,63.32,63.65,1174700.0,57.83,0.0,1.0
ED,05/01/2013,63.61,64.03,63.26,63.32,1202700.0,57.53,0.0,1.0
ED,05/02/2013,63.32,63.69,63.01,63.63,1577600.0,57.81,0.0,1.0
ED,05/03/2013,63.82,63.95,63.02,63.66,2068700.0,57.84,0.0,1.0
ED,05/06/2013,63.53,63.67,62.7,62.72,2116400.0,56.98,0.0,1.0
ED,05/07/2013,62.92,63.2,62.7,63.06,1977800.0,57.29,0.0,1.0
ED,05/08/2013,62.92,63.16,62.19,62.28,1309800.0,56.58,0.0,1.0
ED,05/09/2013,62.32,62.48,61.25,61.45,4392000.0,55.83,0.0,1.0
ED,05/10/2013,61.46,61.58,61.13,61.57,4312300.0,55.94,0.0,1.0
ED,05/13/2013,60.75,60.87,60.35,60.44,1582200.0,55.47,0.61,1.0
ED,05/14/2013,60.35,60.82,60.21,60.47,1953700.0,55.5,0.0,1.0
ED,05/15/2013,60.37,61.25,60.31,60.69,1738300.0,55.7,0.0,1.0
ED,05/16/2013,60.56,60.68,60.08,60.16,1425200.0,55.21,0.0,1.0
ED,05/17/2013,60.13,60.8,60.13,60.79,1766900.0,55.79,0.0,1.0
ED,05/20/2013,60.79,61.06,60.52,60.9,1315400.0,55.89,0.0,1.0
ED,05/21/2013,60.94,61.19,60.44,60.87,1240400.0,55.86,0.0,1.0
ED,05/22/2013,60.78,61.16,59.48,59.61,2024400.0,54.71,0.0,1.0
ED,05/23/2013,59.38,59.44,58.35,59.01,1982700.0,54.16,0.0,1.0
ED,05/24/2013,58.77,58.97,58.37,58.66,1389600.0,53.84,0.0,1.0
ED,05/28/2013,58.67,58.88,58.31,58.56,2261100.0,53.74,0.0,1.0
ED,05/29/2013,58.28,58.38,56.85,57.74,2906100.0,52.99,0.0,1.0
ED,05/30/2013,57.92,58.48,57.51,57.68,2489100.0,52.94,0.0,1.0
ED,05/31/2013,57.53,58.2,57.07,57.07,2352000.0,52.38,0.0,1.0
ED,06/03/2013,57.01,57.33,55.83,56.98,3715700.0,52.29,0.0,1.0
ED,06/04/2013,56.95,57.05,56.23,56.49,2306200.0,51.84,0.0,1.0
ED,06/05/2013,56.35,57.19,56.0,56.99,3124700.0,52.3,0.0,1.0
ED,06/06/2013,56.98,57.73,56.56,57.33,2293700.0,52.61,0.0,1.0
ED,06/07/2013,57.41,57.75,56.88,57.43,1433800.0,52.71,0.0,1.0
ED,06/10/2013,57.5,57.7,57.13,57.4,1211300.0,52.68,0.0,1.0
ED,06/11/2013,57.12,57.65,57.01,57.15,1255600.0,52.45,0.0,1.0
ED,06/12/2013,57.33,57.51,56.59,56.77,1409700.0,52.1,0.0,1.0
ED,06/13/2013,56.76,57.58,56.5,57.56,2033200.0,52.83,0.0,1.0
ED,06/14/2013,57.85,58.12,57.55,57.82,2058600.0,53.06,0.0,1.0
ED,06/17/2013,58.26,58.7,58.24,58.57,2537300.0,53.75,0.0,1.0
ED,06/18/2013,58.49,58.95,58.13,58.95,1984100.0,54.1,0.0,1.0
ED,06/19/2013,58.81,58.95,57.27,57.28,1736900.0,52.57,0.0,1.0
ED,06/20/2013,57.0,57.17,55.7,55.78,2500300.0,51.19,0.0,1.0
ED,06/21/2013,56.23,56.84,55.6,56.39,3246400.0,51.75,0.0,1.0
ED,06/24/2013,55.98,56.66,55.42,56.29,2418200.0,51.66,0.0,1.0
ED,06/25/2013,56.5,57.25,56.15,57.03,1726200.0,52.34,0.0,1.0
ED,06/26/2013,57.47,58.21,57.4,58.11,1947900.0,53.33,0.0,1.0
ED,06/27/2013,58.25,58.72,57.9,58.04,1796100.0,53.27,0.0,1.0
ED,06/28/2013,57.81,58.41,57.53,58.31,5112000.0,53.51,0.0,1.0
ED,07/01/2013,58.52,58.68,57.35,57.51,1699600.0,52.78,0.0,1.0
ED,07/02/2013,57.43,57.97,57.32,57.56,1531700.0,52.83,0.0,1.0
ED,07/03/2013,57.4,57.59,57.18,57.46,725500.0,52.73,0.0,1.0
ED,07/05/2013,57.46,57.46,56.56,57.16,1236100.0,52.46,0.0,1.0
ED,07/08/2013,57.42,57.74,57.16,57.73,1937800.0,52.98,0.0,1.0
ED,07/09/2013,57.87,58.03,57.58,57.88,1632900.0,53.12,0.0,1.0
ED,07/10/2013,57.87,58.11,57.29,57.88,1652800.0,53.12,0.0,1.0
ED,07/11/2013,58.3,58.82,58.3,58.81,1582700.0,53.97,0.0,1.0
ED,07/12/2013,58.76,59.28,58.36,59.2,1764200.0,54.33,0.0,1.0
ED,07/15/2013,59.07,60.13,59.01,60.05,1591700.0,55.11,0.0,1.0
ED,07/16/2013,60.05,60.14,59.45,59.74,1336300.0,54.83,0.0,1.0
ED,07/17/2013,60.08,60.24,59.54,59.77,1266900.0,54.85,0.0,1.0
ED,07/18/2013,59.87,60.39,59.81,60.12,1625000.0,55.18,0.0,1.0
ED,07/19/2013,60.28,60.6,60.07,60.48,2353400.0,55.51,0.0,1.0
ED,07/22/2013,60.18,60.44,59.98,60.13,1409200.0,55.18,0.0,1.0
ED,07/23/2013,60.16,60.58,59.97,60.4,1153000.0,55.43,0.0,1.0
ED,07/24/2013,60.35,60.49,59.43,59.63,1031400.0,54.73,0.0,1.0
ED,07/25/2013,59.55,59.84,59.14,59.42,1842900.0,54.53,0.0,1.0
ED,07/26/2013,59.28,59.95,59.05,59.93,1164800.0,55.0,0.0,1.0
ED,07/29/2013,59.76,60.47,59.58,60.27,1434600.0,55.31,0.0,1.0
ED,07/30/2013,60.5,60.71,60.09,60.3,1077800.0,55.34,0.0,1.0
ED,07/31/2013,60.24,60.44,59.63,59.9,1573900.0,54.97,0.0,1.0
ED,08/01/2013,60.14,60.46,59.82,60.33,1333800.0,55.37,0.0,1.0
ED,08/02/2013,60.47,60.66,59.69,60.37,1404700.0,55.4,0.0,1.0
ED,08/05/2013,60.19,60.27,59.9,60.03,940400.0,55.09,0.0,1.0
ED,08/06/2013,60.08,60.1,59.64,59.8,1194800.0,54.88,0.0,1.0
ED,08/07/2013,59.55,60.6,59.5,60.54,1368600.0,55.56,0.0,1.0
ED,08/08/2013,60.58,60.85,60.31,60.59,5873600.0,55.61,0.0,1.0
ED,08/09/2013,60.5,60.76,60.25,60.3,4529100.0,55.34,0.0,1.0
ED,08/12/2013,59.51,59.69,58.93,59.28,1800200.0,54.97,0.61,1.0
ED,08/13/2013,59.26,59.28,58.63,58.71,1598000.0,54.44,0.0,1.0
ED,08/14/2013,58.61,58.69,57.93,58.24,1273400.0,54.0,0.0,1.0
ED,08/15/2013,58.0,58.26,57.23,57.39,1765200.0,53.22,0.0,1.0
ED,08/16/2013,57.22,57.47,56.41,56.64,2017400.0,52.52,0.0,1.0
ED,08/19/2013,56.61,56.77,55.98,56.1,1370000.0,52.02,0.0,1.0
ED,08/20/2013,56.1,57.06,56.1,56.42,1455900.0,52.32,0.0,1.0
ED,08/21/2013,56.3,56.34,55.64,55.73,1228800.0,51.68,0.0,1.0
ED,08/22/2013,55.86,56.31,55.66,56.05,3118800.0,51.97,0.0,1.0
ED,08/23/2013,56.14,56.83,56.0,56.59,2175500.0,52.47,0.0,1.0
ED,08/26/2013,56.55,56.76,56.2,56.2,1960700.0,52.11,0.0,1.0
ED,08/27/2013,55.88,56.65,55.8,56.31,1735100.0,52.21,0.0,1.0
ED,08/28/2013,56.18,56.63,56.02,56.44,1445300.0,52.34,0.0,1.0
ED,08/29/2013,56.25,56.47,56.02,56.2,1069300.0,52.11,0.0,1.0
ED,08/30/2013,56.22,56.46,55.87,56.23,1441300.0,52.14,0.0,1.0
ED,09/03/2013,56.51,56.62,55.38,55.5,1506200.0,51.46,0.0,1.0
ED,09/04/2013,55.66,55.81,55.13,55.59,1614400.0,51.55,0.0,1.0
ED,09/05/2013,55.55,55.73,55.15,55.15,1614000.0,51.14,0.0,1.0
ED,09/06/2013,55.44,56.17,55.44,55.59,2581300.0,51.55,0.0,1.0
ED,09/09/2013,55.59,55.93,55.44,55.83,1232700.0,51.77,0.0,1.0
ED,09/10/2013,55.95,56.06,55.62,55.9,2190500.0,51.83,0.0,1.0
ED,09/11/2013,55.54,55.67,54.73,55.0,2877100.0,51.0,0.0,1.0
ED,09/12/2013,55.01,55.25,54.51,54.63,1977500.0,50.66,0.0,1.0
ED,09/13/2013,54.73,55.14,54.62,54.88,1377500.0,50.89,0.0,1.0
ED,09/16/2013,55.66,55.87,55.0,55.11,2208800.0,51.1,0.0,1.0
ED,09/17/2013,55.31,55.49,55.11,55.28,1401500.0,51.26,0.0,1.0
ED,09/18/2013,55.52,57.28,55.16,56.99,2683600.0,52.85,0.0,1.0
ED,09/19/2013,57.07,57.33,56.41,56.58,1404400.0,52.47,0.0,1.0
ED,09/20/2013,56.56,56.67,55.68,55.97,3063800.0,51.9,0.0,1.0
ED,09/23/2013,55.84,56.73,55.54,56.4,1464200.0,52.3,0.0,1.0
ED,09/24/2013,56.23,56.45,56.02,56.26,1519200.0,52.17,0.0,1.0
ED,09/25/2013,56.21,56.38,55.76,55.78,1069600.0,51.72,0.0,1.0
ED,09/26/2013,55.75,56.0,55.33,55.64,1348900.0,51.59,0.0,1.0
ED,09/27/2013,55.47,55.7,55.03,55.15,1086600.0,51.14,0.0,1.0
ED,09/30/2013,55.0,55.37,54.82,55.14,1854400.0,51.13,0.0,1.0
ED,10/01/2013,55.18,55.43,54.94,55.17,1188600.0,51.16,0.0,1.0
ED,10/02/2013,55.08,55.27,54.73,55.2,1553800.0,51.19,0.0,1.0
ED,10/03/2013,54.99,55.0,54.38,54.63,2152400.0,50.66,0.0,1.0
ED,10/04/2013,54.62,54.77,54.38,54.51,1642600.0,50.55,0.0,1.0
ED,10/07/2013,54.32,55.25,54.32,54.79,1959400.0,50.81,0.0,1.0
ED,10/08/2013,55.02,55.98,54.95,55.42,3271400.0,51.39,0.0,1.0
ED,10/09/2013,55.5,56.52,55.42,55.83,2633600.0,51.77,0.0,1.0
ED,10/10/2013,55.95,56.25,54.91,56.16,2882900.0,52.08,0.0,1.0
ED,10/11/2013,56.17,56.3,55.9,56.26,1934900.0,52.17,0.0,1.0
ED,10/14/2013,56.0,56.17,55.3,55.96,1960100.0,51.89,0.0,1.0
ED,10/15/2013,55.79,55.96,55.27,55.31,1651300.0,51.29,0.0,1.0
ED,10/16/2013,55.56,55.86,55.25,55.85,2237100.0,51.79,0.0,1.0
ED,10/17/2013,55.67,56.8,55.36,56.75,1696400.0,52.62,0.0,1.0
ED,10/18/2013,56.92,57.06,56.54,56.86,3309100.0,52.72,0.0,1.0
ED,10/21/2013,56.64,56.91,56.34,56.65,1691100.0,52.53,0.0,1.0
ED,10/22/2013,56.7,58.13,56.7,57.86,3015200.0,53.65,0.0,1.0
ED,10/23/2013,58.19,59.24,58.0,58.35,3040900.0,54.11,0.0,1.0
ED,10/24/2013,58.57,58.69,57.91,58.22,1339900.0,53.99,0.0,1.0
ED,10/25/2013,58.15,58.59,57.77,58.59,1367600.0,54.33,0.0,1.0
ED,10/28/2013,58.44,58.8,58.23,58.42,6990800.0,54.17,0.0,1.0
ED,10/29/2013,58.42,58.63,58.13,58.46,1437600.0,54.21,0.0,1.0
ED,10/30/2013,58.42,58.88,58.15,58.17,1250500.0,53.94,0.0,1.0
ED,10/31/2013,58.23,58.43,57.41,58.22,1988200.0,53.99,0.0,1.0
ED,11/01/2013,58.43,58.66,58.12,58.41,1283000.0,54.16,0.0,1.0
ED,11/04/2013,58.66,58.75,58.12,58.64,1681300.0,54.38,0.0,1.0
ED,11/05/2013,58.49,59.2,58.33,58.35,2113100.0,54.11,0.0,1.0
ED,11/06/2013,58.57,58.83,58.41,58.82,2308800.0,54.54,0.0,1.0
ED,11/07/2013,58.89,59.13,58.34,58.55,7001800.0,54.29,0.0,1.0
ED,11/08/2013,57.62,57.63,56.23,57.27,3434300.0,53.68,0.61,1.0
ED,11/11/2013,57.25,57.38,56.85,57.15,1605000.0,53.56,0.0,1.0
ED,11/12/2013,56.95,57.1,56.36,56.83,1673200.0,53.26,0.0,1.0
ED,11/13/2013,56.56,57.16,56.31,57.13,1736000.0,53.54,0.0,1.0
ED,11/14/2013,57.27,57.85,57.14,57.55,1282300.0,53.94,0.0,1.0
ED,11/15/2013,57.56,58.2,57.41,58.07,2188200.0,54.43,0.0,1.0
ED,11/18/2013,58.0,58.28,57.83,58.22,1616400.0,54.57,0.0,1.0
ED,11/19/2013,58.08,58.24,57.52,57.84,1328600.0,54.21,0.0,1.0
ED,11/20/2013,57.44,57.72,56.83,56.94,2447100.0,53.37,0.0,1.0
ED,11/21/2013,56.69,56.74,56.05,56.24,3242500.0,52.71,0.0,1.0
ED,11/22/2013,56.11,56.4,55.89,55.92,2018900.0,52.41,0.0,1.0
ED,11/25/2013,56.01,56.27,55.8,55.86,1792400.0,52.35,0.0,1.0
ED,11/26/2013,55.8,55.8,55.11,55.18,2606300.0,51.72,0.0,1.0
ED,11/27/2013,55.15,55.3,55.0,55.19,1296700.0,51.73,0.0,1.0
ED,11/29/2013,55.2,55.62,55.14,55.21,827400.0,51.74,0.0,1.0
ED,12/02/2013,55.21,55.42,54.7,55.08,1687900.0,51.62,0.0,1.0
ED,12/03/2013,55.08,55.36,54.81,55.3,1421100.0,51.83,0.0,1.0
ED,12/04/2013,55.01,55.6,54.76,55.55,1706900.0,52.06,0.0,1.0
ED,12/05/2013,55.36,55.58,54.83,54.96,1782400.0,51.51,0.0,1.0
ED,12/06/2013,55.19,55.87,55.12,55.85,1549600.0,52.34,0.0,1.0
ED,12/09/2013,55.75,55.85,54.99,55.56,2055700.0,52.07,0.0,1.0
ED,12/10/2013,55.41,55.55,54.81,54.84,1855400.0,51.4,0.0,1.0
ED,12/11/2013,54.82,54.97,54.43,54.46,1770900.0,51.04,0.0,1.0
ED,12/12/2013,54.53,54.9,54.33,54.4,2058900.0,50.99,0.0,1.0
ED,12/13/2013,54.47,54.7,54.17,54.33,1293300.0,50.92,0.0,1.0
ED,12/16/2013,54.82,54.98,54.29,54.59,2076200.0,51.16,0.0,1.0
ED,12/17/2013,54.59,55.13,54.54,54.76,2769300.0,51.32,0.0,1.0
ED,12/18/2013,54.73,55.5,54.28,55.41,2207200.0,51.93,0.0,1.0
ED,12/19/2013,55.22,55.22,54.51,54.85,1439100.0,51.41,0.0,1.0
ED,12/20/2013,54.92,55.45,54.7,54.77,3893300.0,51.33,0.0,1.0
ED,12/23/2013,54.98,55.15,54.61,54.77,2313900.0,51.33,0.0,1.0
ED,12/24/2013,54.84,55.56,54.68,55.23,1298800.0,51.76,0.0,1.0
ED,12/26/2013,55.19,55.34,54.78,54.99,1446400.0,51.54,0.0,1.0
ED,12/27/2013,55.0,55.37,54.85,55.05,1048800.0,51.59,0.0,1.0
ED,12/30/2013,55.1,55.34,55.02,55.23,1163100.0,51.76,0.0,1.0
ED,12/31/2013,55.16,55.6,55.0,55.28,2072100.0,51.81,0.0,1.0
ED,01/02/2014,55.15,55.15,53.9,53.96,3332700.0,50.57,0.0,1.0
ED,01/03/2014,53.58,53.79,52.85,53.45,3774100.0,50.1,0.0,1.0
ED,01/06/2014,53.4,53.54,53.11,53.37,2207800.0,50.02,0.0,1.0
ED,01/07/2014,53.35,54.04,53.19,53.95,3040800.0,50.56,0.0,1.0
ED,01/08/2014,54.0,54.02,53.3,53.41,2233800.0,50.06,0.0,1.0
ED,01/09/2014,53.41,53.78,53.13,53.58,2035900.0,50.22,0.0,1.0
ED,01/10/2014,53.9,54.76,53.82,54.33,1908600.0,50.92,0.0,1.0
ED,01/13/2014,54.2,54.33,53.77,53.92,1595900.0,50.54,0.0,1.0
ED,01/14/2014,53.88,54.11,53.71,53.78,1352500.0,50.4,0.0,1.0
ED,01/15/2014,53.88,54.1,53.73,53.83,1477300.0,50.45,0.0,1.0
ED,01/16/2014,53.82,53.94,53.54,53.94,1828900.0,50.55,0.0,1.0
ED,01/17/2014,54.21,54.22,53.88,53.96,2127800.0,50.57,0.0,1.0
ED,01/21/2014,54.0,54.4,54.0,54.39,2159900.0,50.98,0.0,1.0
ED,01/22/2014,54.43,54.62,54.09,54.16,1733900.0,50.76,0.0,1.0
ED,01/23/2014,53.97,54.15,53.69,53.94,2407500.0,50.55,0.0,1.0
ED,01/24/2014,53.84,54.45,53.6,53.65,2614400.0,50.28,0.0,1.0
ED,01/27/2014,53.97,53.97,53.35,53.41,2905400.0,50.06,0.0,1.0
ED,01/28/2014,53.5,53.6,53.1,53.13,2444400.0,49.8,0.0,1.0
ED,01/29/2014,53.08,53.51,53.01,53.25,2292600.0,49.91,0.0,1.0
ED,01/30/2014,53.57,53.99,53.34,53.9,1504900.0,50.52,0.0,1.0
ED,01/31/2014,53.48,54.5,53.39,54.41,3256400.0,50.99,0.0,1.0
ED,02/03/2014,54.45,55.22,53.62,53.74,3375400.0,50.37,0.0,1.0
ED,02/04/2014,53.8,53.95,53.25,53.59,2278100.0,50.23,0.0,1.0
ED,02/05/2014,53.42,53.59,53.25,53.39,2475300.0,50.04,0.0,1.0
ED,02/06/2014,53.47,53.9,53.4,53.8,1390900.0,50.42,0.0,1.0
ED,02/07/2014,54.01,54.2,53.69,54.02,2206200.0,50.63,0.0,1.0
ED,02/10/2014,53.27,53.73,53.0,53.7,1935600.0,50.92,0.63,1.0
ED,02/11/2014,53.7,54.58,53.65,54.43,1954600.0,51.61,0.0,1.0
ED,02/12/2014,54.23,54.3,53.81,54.01,2183200.0,51.21,0.0,1.0
ED,02/13/2014,54.01,54.52,53.98,54.52,1352100.0,51.7,0.0,1.0
ED,02/14/2014,54.5,55.16,54.35,55.16,1621800.0,52.3,0.0,1.0
ED,02/18/2014,55.4,55.6,55.19,55.27,1755300.0,52.41,0.0,1.0
ED,02/19/2014,55.11,55.49,54.69,54.74,1254700.0,51.91,0.0,1.0
ED,02/20/2014,54.79,55.38,54.68,55.3,1859200.0,52.44,0.0,1.0
ED,02/21/2014,55.35,56.68,55.29,55.29,5280500.0,52.43,0.0,1.0
ED,02/24/2014,55.86,56.59,55.68,55.75,3135800.0,52.86,0.0,1.0
ED,02/25/2014,56.46,56.46,56.02,56.11,2549600.0,53.21,0.0,1.0
ED,02/26/2014,56.07,56.28,55.59,55.7,1850900.0,52.82,0.0,1.0
ED,02/27/2014,55.7,55.99,55.4,55.57,2101900.0,52.69,0.0,1.0
ED,02/28/2014,55.75,56.27,55.72,56.05,1551200.0,53.15,0.0,1.0
ED,03/03/2014,55.74,55.99,55.42,55.46,1869000.0,52.59,0.0,1.0
ED,03/04/2014,55.84,56.0,55.48,55.66,1813700.0,52.78,0.0,1.0
ED,03/05/2014,55.6,55.73,55.2,55.28,1456800.0,52.42,0.0,1.0
ED,03/06/2014,55.68,55.85,55.25,55.29,2054700.0,52.43,0.0,1.0
ED,03/07/2014,55.22,55.45,54.81,55.44,2094500.0,52.57,0.0,1.0
ED,03/10/2014,55.42,55.52,55.09,55.48,1462600.0,52.61,0.0,1.0
ED,03/11/2014,55.51,55.53,55.12,55.12,1107400.0,52.27,0.0,1.0
ED,03/12/2014,55.09,55.35,54.18,54.62,6746800.0,51.79,0.0,1.0
ED,03/13/2014,54.01,54.55,53.12,53.69,6837800.0,50.91,0.0,1.0
ED,03/14/2014,53.66,54.79,53.65,54.66,3612100.0,51.83,0.0,1.0
ED,03/17/2014,54.7,55.14,54.16,55.05,2854000.0,52.2,0.0,1.0
ED,03/18/2014,55.06,55.14,54.37,54.41,2269800.0,51.59,0.0,1.0
ED,03/19/2014,54.33,54.36,52.53,52.68,5441800.0,49.95,0.0,1.0
ED,03/20/2014,52.66,52.79,52.23,52.78,2723400.0,50.05,0.0,1.0
ED,03/21/2014,53.21,53.35,52.43,52.46,3983200.0,49.74,0.0,1.0
ED,03/24/2014,52.52,52.94,52.43,52.67,1999000.0,49.94,0.0,1.0
ED,03/25/2014,52.78,53.15,52.55,53.04,2524000.0,50.29,0.0,1.0
ED,03/26/2014,53.18,53.43,53.03,53.15,2098500.0,50.4,0.0,1.0
ED,03/27/2014,53.01,53.65,53.01,53.63,2117300.0,50.85,0.0,1.0
ED,03/28/2014,53.62,53.73,53.03,53.17,2178200.0,50.42,0.0,1.0
ED,03/31/2014,53.43,53.78,53.15,53.65,2414500.0,50.87,0.0,1.0
ED,04/01/2014,53.57,53.61,52.87,53.11,2421000.0,50.36,0.0,1.0
ED,04/02/2014,53.47,53.65,52.9,53.58,2359700.0,50.81,0.0,1.0
ED,04/03/2014,53.69,54.08,53.56,53.66,2754600.0,50.88,0.0,1.0
ED,04/04/2014,53.75,54.72,53.75,54.36,2977200.0,51.55,0.0,1.0
ED,04/07/2014,54.36,55.42,54.36,54.75,3089900.0,51.92,0.0,1.0
ED,04/08/2014,54.82,55.59,54.41,55.55,3385500.0,52.67,0.0,1.0
ED,04/09/2014,55.5,55.61,54.6,55.26,2790000.0,52.4,0.0,1.0
ED,04/10/2014,55.41,55.82,55.12,55.4,2327600.0,52.53,0.0,1.0
ED,04/11/2014,55.41,55.8,55.28,55.6,2112200.0,52.72,0.0,1.0
ED,04/14/2014,55.74,55.97,55.36,55.86,1864400.0,52.97,0.0,1.0
ED,04/15/2014,55.89,57.32,55.89,57.19,3945600.0,54.23,0.0,1.0
ED,04/16/2014,57.28,57.6,56.81,57.59,2593100.0,54.61,0.0,1.0
ED,04/17/2014,57.48,57.6,56.32,56.5,2691700.0,53.57,0.0,1.0
ED,04/21/2014,56.55,57.15,56.47,56.85,2045600.0,53.91,0.0,1.0
ED,04/22/2014,56.76,56.93,56.5,56.85,1720100.0,53.91,0.0,1.0
ED,04/23/2014,56.96,57.33,56.64,56.67,1585400.0,53.74,0.0,1.0
ED,04/24/2014,56.74,57.12,56.24,56.96,1373800.0,54.01,0.0,1.0
ED,04/25/2014,56.96,57.76,56.5,57.74,1979200.0,54.75,0.0,1.0
ED,04/28/2014,57.65,58.28,57.53,58.26,2233700.0,55.24,0.0,1.0
ED,04/29/2014,58.37,58.57,57.88,58.01,2335500.0,55.01,0.0,1.0
ED,04/30/2014,58.07,58.48,58.0,58.03,1691000.0,55.03,0.0,1.0
ED,05/01/2014,58.1,58.37,57.65,58.08,2488300.0,55.07,0.0,1.0
ED,05/02/2014,57.6,57.97,56.35,56.82,2715400.0,53.88,0.0,1.0
ED,05/05/2014,56.8,57.23,56.55,57.03,2177400.0,54.08,0.0,1.0
ED,05/06/2014,57.04,57.45,56.99,57.03,1672600.0,54.08,0.0,1.0
ED,05/07/2014,57.16,57.89,57.13,57.8,1909400.0,54.81,0.0,1.0
ED,05/08/2014,58.29,58.33,57.12,57.41,4340000.0,54.44,0.0,1.0
ED,05/09/2014,57.68,57.99,56.11,56.2,4227900.0,53.29,0.0,1.0
ED,05/12/2014,55.59,55.76,54.7,54.91,4280800.0,52.66,0.63,1.0
ED,05/13/2014,55.13,55.34,54.45,54.87,2468200.0,52.63,0.0,1.0
ED,05/14/2014,55.0,55.59,54.81,55.25,2006000.0,52.99,0.0,1.0
ED,05/15/2014,55.22,55.57,54.76,54.96,2819900.0,52.71,0.0,1.0
ED,05/16/2014,55.0,55.19,54.66,55.18,2436400.0,52.92,0.0,1.0
ED,05/19/2014,55.11,55.16,54.13,54.3,2991400.0,52.08,0.0,1.0
ED,05/20/2014,54.3,54.64,53.61,54.08,3156900.0,51.87,0.0,1.0
ED,05/21/2014,54.19,54.26,53.69,53.86,1822700.0,51.66,0.0,1.0
ED,05/22/2014,53.94,54.31,53.89,54.17,1383200.0,51.95,0.0,1.0
ED,05/23/2014,54.2,54.5,54.05,54.13,1440000.0,51.92,0.0,1.0
ED,05/27/2014,54.45,54.67,54.2,54.4,1571900.0,52.18,0.0,1.0
ED,05/28/2014,54.5,54.63,54.3,54.52,1826800.0,52.29,0.0,1.0
ED,05/29/2014,54.69,54.75,54.3,54.65,1639400.0,52.42,0.0,1.0
ED,05/30/2014,54.65,55.05,54.54,55.01,1992400.0,52.76,0.0,1.0
ED,06/02/2014,55.0,55.22,54.81,55.0,1468900.0,52.75,0.0,1.0
ED,06/03/2014,54.97,55.19,54.84,55.0,1437900.0,52.75,0.0,1.0
ED,06/04/2014,54.91,55.24,54.66,55.22,1824600.0,52.96,0.0,1.0
ED,06/05/2014,55.15,55.76,54.98,55.73,1771400.0,53.45,0.0,1.0
ED,06/06/2014,55.67,55.81,55.16,55.23,1609000.0,52.97,0.0,1.0
ED,06/09/2014,55.14,55.27,54.74,54.9,1732000.0,52.66,0.0,1.0
ED,06/10/2014,54.79,55.35,54.79,55.09,1819500.0,52.84,0.0,1.0
ED,06/11/2014,55.05,55.14,54.59,54.7,1610900.0,52.46,0.0,1.0
ED,06/12/2014,54.65,55.11,54.12,54.99,1754700.0,52.74,0.0,1.0
ED,06/13/2014,54.86,55.34,54.67,55.22,1376600.0,52.96,0.0,1.0
ED,06/16/2014,55.37,56.01,55.25,55.59,2596900.0,53.32,0.0,1.0
ED,06/17/2014,55.56,55.65,55.2,55.52,1655700.0,53.25,0.0,1.0
ED,06/18/2014,55.54,56.5,55.36,56.48,2737100.0,54.17,0.0,1.0
ED,06/19/2014,56.49,57.1,56.46,56.97,2678200.0,54.64,0.0,1.0
ED,06/20/2014,57.12,57.2,56.7,56.74,2726400.0,54.42,0.0,1.0
ED,06/23/2014,56.85,57.04,56.36,56.66,1407700.0,54.34,0.0,1.0
ED,06/24/2014,56.62,56.88,56.54,56.68,1580300.0,54.36,0.0,1.0
ED,06/25/2014,56.65,57.07,56.56,57.04,1607400.0,54.71,0.0,1.0
ED,06/26/2014,56.89,57.29,56.75,57.28,1633400.0,54.94,0.0,1.0
ED,06/27/2014,57.13,57.7,56.9,57.55,2058600.0,55.2,0.0,1.0
ED,06/30/2014,57.5,57.84,57.26,57.74,1971400.0,55.38,0.0,1.0
ED,07/01/2014,57.75,57.76,56.85,57.09,2326000.0,54.76,0.0,1.0
ED,07/02/2014,57.02,57.11,55.66,56.02,4122200.0,53.73,0.0,1.0
ED,07/03/2014,55.63,56.0,55.28,56.0,2182800.0,53.71,0.0,1.0
ED,07/07/2014,56.0,56.93,55.99,56.41,3093300.0,54.1,0.0,1.0
ED,07/08/2014,56.28,56.95,56.28,56.6,2628700.0,54.29,0.0,1.0
ED,07/09/2014,56.64,56.74,56.06,56.4,1721700.0,54.09,0.0,1.0
ED,07/10/2014,56.43,56.83,56.29,56.61,1400600.0,54.3,0.0,1.0
ED,07/11/2014,56.61,56.68,56.09,56.17,1187700.0,53.87,0.0,1.0
ED,07/14/2014,56.27,56.5,55.88,55.94,1823700.0,53.65,0.0,1.0
ED,07/15/2014,55.94,56.41,55.91,56.38,1394300.0,54.07,0.0,1.0
ED,07/16/2014,56.5,56.7,56.17,56.67,1134500.0,54.35,0.0,1.0
ED,07/17/2014,56.52,56.72,56.31,56.31,1653300.0,54.01,0.0,1.0
ED,07/18/2014,56.49,56.97,56.15,56.92,1788100.0,54.59,0.0,1.0
ED,07/21/2014,56.88,57.35,56.79,57.19,1669700.0,54.85,0.0,1.0
ED,07/22/2014,57.2,57.46,57.15,57.37,1161600.0,55.02,0.0,1.0
ED,07/23/2014,57.34,57.4,57.07,57.25,1114800.0,54.91,0.0,1.0
ED,07/24/2014,57.25,57.43,57.02,57.31,843700.0,54.97,0.0,1.0
ED,07/25/2014,57.25,57.43,56.9,56.98,843900.0,54.65,0.0,1.0
ED,07/28/2014,57.02,57.79,56.94,57.7,1663700.0,55.34,0.0,1.0
ED,07/29/2014,57.69,57.85,57.27,57.6,1722500.0,55.24,0.0,1.0
ED,07/30/2014,57.55,57.57,56.52,56.79,1924300.0,54.47,0.0,1.0
ED,07/31/2014,56.5,56.78,56.01,56.09,2979300.0,53.8,0.0,1.0
ED,08/01/2014,55.92,56.68,55.89,56.09,1851600.0,53.8,0.0,1.0
ED,08/04/2014,56.18,56.18,54.75,55.73,3455600.0,53.45,0.0,1.0
ED,08/05/2014,55.49,55.82,55.03,55.23,1906800.0,52.97,0.0,1.0
ED,08/06/2014,55.09,55.14,54.58,54.76,4961300.0,52.52,0.0,1.0
ED,08/07/2014,55.06,55.58,55.03,55.34,2749200.0,53.08,0.0,1.0
ED,08/08/2014,55.79,56.97,55.64,56.9,3468600.0,54.57,0.0,1.0
ED,08/11/2014,56.28,56.58,56.0,56.03,2169800.0,54.34,0.63,1.0
ED,08/12/2014,56.03,56.33,55.91,56.1,1293800.0,54.41,0.0,1.0
ED,08/13/2014,56.21,56.56,56.0,56.37,1261400.0,54.67,0.0,1.0
ED,08/14/2014,56.44,56.69,56.38,56.58,2270800.0,54.88,0.0,1.0
ED,08/15/2014,56.72,57.19,56.65,56.96,1797300.0,55.25,0.0,1.0
ED,08/18/2014,57.15,57.24,56.77,56.85,1216600.0,55.14,0.0,1.0
ED,08/19/2014,56.88,57.43,56.74,57.38,1515600.0,55.65,0.0,1.0
ED,08/20/2014,57.49,57.53,57.1,57.51,1391600.0,55.78,0.0,1.0
ED,08/21/2014,57.65,57.83,57.46,57.58,1529400.0,55.85,0.0,1.0
ED,08/22/2014,57.57,57.68,56.83,57.18,1740900.0,55.46,0.0,1.0
ED,08/25/2014,57.29,57.58,57.13,57.43,1257200.0,55.7,0.0,1.0
ED,08/26/2014,57.35,57.53,56.64,56.69,1511800.0,54.98,0.0,1.0
ED,08/27/2014,56.93,57.15,56.76,57.14,1235600.0,55.42,0.0,1.0
ED,08/28/2014,56.98,57.74,56.89,57.73,1492800.0,55.99,0.0,1.0
ED,08/29/2014,57.58,57.9,57.45,57.89,1648400.0,56.15,0.0,1.0
ED,09/02/2014,57.88,58.07,56.92,57.16,1764400.0,55.44,0.0,1.0
ED,09/03/2014,57.51,57.91,57.22,57.74,1755900.0,56.0,0.0,1.0
ED,09/04/2014,57.52,57.75,57.12,57.61,1672000.0,55.88,0.0,1.0
ED,09/05/2014,57.58,58.12,57.42,58.12,2347200.0,56.37,0.0,1.0
ED,09/08/2014,58.02,58.1,57.28,57.6,1597600.0,55.87,0.0,1.0
ED,09/09/2014,57.43,57.56,56.83,56.93,2042200.0,55.22,0.0,1.0
ED,09/10/2014,56.94,57.04,56.58,56.83,1537000.0,55.12,0.0,1.0
ED,09/11/2014,56.89,57.35,56.68,57.28,931000.0,55.56,0.0,1.0
ED,09/12/2014,57.05,57.19,56.28,56.43,1796300.0,54.73,0.0,1.0
ED,09/15/2014,56.71,56.91,56.35,56.54,1517500.0,54.84,0.0,1.0
ED,09/16/2014,56.7,57.38,56.7,57.24,1572300.0,55.52,0.0,1.0
ED,09/17/2014,57.26,57.37,56.71,57.02,1753100.0,55.3,0.0,1.0
ED,09/18/2014,57.01,57.22,56.48,56.63,1305000.0,54.93,0.0,1.0
ED,09/19/2014,56.87,57.24,56.7,57.13,1709400.0,55.41,0.0,1.0
ED,09/22/2014,56.91,57.19,56.64,56.87,1588014.0,55.16,0.0,1.0
ED,09/23/2014,56.78,57.09,56.6,56.75,1297332.0,55.04,0.0,1.0
ED,09/24/2014,56.81,56.88,56.25,56.53,1092746.0,54.83,0.0,1.0
ED,09/25/2014,56.39,56.64,56.15,56.15,1507983.0,54.46,0.0,1.0
ED,09/26/2014,56.16,56.52,55.8,56.35,1013851.0,54.65,0.0,1.0
ED,09/29/2014,56.28,56.58,56.05,56.53,1356480.0,54.83,0.0,1.0
ED,09/30/2014,56.65,57.09,56.3,56.66,1977506.0,54.95,0.0,1.0
ED,10/01/2014,56.87,57.35,56.77,56.94,2245342.0,55.23,0.0,1.0
ED,10/02/2014,56.98,57.3,56.76,56.8,1355432.0,55.09,0.0,1.0
ED,10/03/2014,56.82,57.17,56.4,57.03,1180507.0,55.31,0.0,1.0
ED,10/06/2014,57.2,57.43,56.93,57.2,1363717.0,55.48,0.0,1.0
ED,10/07/2014,57.06,57.59,56.92,57.14,2012195.0,55.42,0.0,1.0
ED,10/08/2014,57.19,58.81,57.17,58.77,4043537.0,57.0,0.0,1.0
ED,10/09/2014,58.72,59.23,58.14,58.2,3741572.0,56.45,0.0,1.0
ED,10/10/2014,58.51,59.39,58.51,59.13,3468427.0,57.35,0.0,1.0
ED,10/13/2014,59.15,60.43,59.1,59.82,5276851.0,58.02,0.0,1.0
ED,10/14/2014,60.08,62.13,59.88,61.57,6853471.0,59.72,0.0,1.0
ED,10/15/2014,61.45,62.1,60.02,61.46,5170128.0,59.61,0.0,1.0
ED,10/16/2014,60.67,61.35,60.26,60.92,4188171.0,59.09,0.0,1.0
ED,10/17/2014,61.34,61.34,59.8,60.7,3856076.0,58.87,0.0,1.0
ED,10/20/2014,60.75,61.52,60.74,61.46,2701790.0,59.61,0.0,1.0
ED,10/21/2014,61.02,61.23,60.72,61.07,3477643.0,59.23,0.0,1.0
ED,10/22/2014,61.0,61.95,60.93,61.9,3704926.0,60.04,0.0,1.0
ED,10/23/2014,62.06,62.37,61.56,62.01,2310150.0,60.14,0.0,1.0
ED,10/24/2014,62.1,62.57,61.89,62.5,1480843.0,60.62,0.0,1.0
ED,10/27/2014,62.5,63.0,62.37,62.69,2111549.0,60.8,0.0,1.0
ED,10/28/2014,62.78,62.89,62.18,62.88,1770316.0,60.99,0.0,1.0
ED,10/29/2014,62.85,62.99,61.68,62.28,2723260.0,60.4,0.0,1.0
ED,10/30/2014,62.45,63.56,62.37,63.54,2802887.0,61.63,0.0,1.0
ED,10/31/2014,63.94,64.0,63.0,63.36,2521079.0,61.45,0.0,1.0
ED,11/03/2014,63.33,63.75,63.2,63.6,1899713.0,61.69,0.0,1.0
ED,11/04/2014,63.69,64.0,63.21,63.38,1571895.0,61.47,0.0,1.0
ED,11/05/2014,63.69,64.73,63.54,64.64,3655249.0,62.69,0.0,1.0
ED,11/06/2014,64.54,64.54,63.1,63.25,4113835.0,61.35,0.0,1.0
ED,11/07/2014,62.65,63.64,62.61,63.57,2726534.0,62.27,0.63,1.0
ED,11/10/2014,63.39,63.93,63.27,63.47,2361765.0,62.17,0.0,1.0
ED,11/11/2014,63.48,63.88,63.25,63.46,1721231.0,62.16,0.0,1.0
ED,11/12/2014,62.96,63.09,62.06,62.25,3081442.0,60.97,0.0,1.0
ED,11/13/2014,62.05,62.74,61.81,62.0,3369403.0,60.73,0.0,1.0
ED,11/14/2014,62.12,62.41,61.8,62.03,1557449.0,60.76,0.0,1.0
ED,11/17/2014,61.93,62.73,61.58,62.54,2383589.0,61.26,0.0,1.0
ED,11/18/2014,62.84,63.26,62.44,63.03,2166792.0,61.74,0.0,1.0
ED,11/19/2014,62.43,62.65,62.03,62.34,2272147.0,61.06,0.0,1.0
ED,11/20/2014,62.31,62.65,61.92,62.12,1843121.0,60.85,0.0,1.0
ED,11/21/2014,62.46,62.47,61.72,62.37,2617968.0,61.09,0.0,1.0
ED,11/24/2014,62.25,62.46,61.8,61.89,2188102.0,60.62,0.0,1.0
ED,11/25/2014,62.18,62.22,61.45,61.65,2565805.0,60.39,0.0,1.0
ED,11/26/2014,61.97,62.53,61.87,62.33,1419454.0,61.05,0.0,1.0
ED,11/28/2014,62.53,63.33,62.36,63.15,1113803.0,61.86,0.0,1.0
ED,12/01/2014,62.93,64.54,62.62,63.83,2896667.0,62.52,0.0,1.0
ED,12/02/2014,63.82,64.25,63.47,64.18,2438362.0,62.86,0.0,1.0
ED,12/03/2014,64.16,64.19,63.59,63.93,2341509.0,62.62,0.0,1.0
ED,12/04/2014,64.01,64.34,63.63,64.07,1638234.0,62.76,0.0,1.0
ED,12/05/2014,63.59,63.96,62.88,63.26,2250487.0,61.96,0.0,1.0
ED,12/08/2014,63.26,64.11,63.17,63.91,1512178.0,62.6,0.0,1.0
ED,12/09/2014,63.72,64.2,63.5,64.05,1774184.0,62.74,0.0,1.0
ED,12/10/2014,63.98,64.48,63.39,63.42,1392071.0,62.12,0.0,1.0
ED,12/11/2014,63.43,64.59,63.43,64.43,1794551.0,63.11,0.0,1.0
ED,12/12/2014,64.18,64.98,64.04,64.11,1989228.0,62.8,0.0,1.0
ED,12/15/2014,64.4,64.4,63.59,64.05,2663346.0,62.74,0.0,1.0
ED,12/16/2014,64.12,65.05,63.63,64.14,2764859.0,62.83,0.0,1.0
ED,12/17/2014,64.0,64.81,63.72,64.78,3116531.0,63.45,0.0,1.0
ED,12/18/2014,64.8,65.56,64.55,65.56,2653303.0,64.22,0.0,1.0
ED,12/19/2014,65.64,66.06,65.27,65.69,3543436.0,64.34,0.0,1.0
ED,12/22/2014,66.05,66.26,65.39,65.94,1639211.0,64.59,0.0,1.0
ED,12/23/2014,65.99,66.29,65.79,66.01,1591963.0,64.66,0.0,1.0
ED,12/24/2014,66.05,67.12,66.03,66.91,1236742.0,65.54,0.0,1.0
ED,12/26/2014,67.08,68.15,66.92,67.76,2086829.0,66.37,0.0,1.0
ED,12/29/2014,67.67,68.92,67.67,68.5,2462271.0,67.1,0.0,1.0
ED,12/30/2014,68.4,68.4,66.77,66.91,1915994.0,65.54,0.0,1.0
